[-64, -64, -59, -78, -82, -86, -45, -92, 44, -11]
[-52, 74, -77, 92, 49, 83, -5, 51, 29, 94]
[48, -54, 23, -38, -5, 41, 5, -53, -64, -92]
[-3, 36, -1, 40, 45, 66, -33, -91, 22, 78]
[15, -8, -63, 86, -14, -65, -70, 4, 40, -59]
[-22, 3, 33, -6, 22, -82, -56, 36, -79, -99]
[-40, 6, -69, 18, 47, -10, 35, -42, 84, 42]
[-59, -85, 4, 31, -46, -49, 24, 68, -58, 67]
[-35, 25, 59, -51, 5, -92, 67, 11, 43, -64]
[-10, -41, 32, 41, -13, 85, -66, 11, -28, 3]
[57, -28, 99, 37, -40, 55, 28, -28, 34, 65, 66, 91, -26, 72, -91, 41, -29, -32, -16, -43]
[-92, 22, 76, -26, -77, -37, 4, -28, 76, -50, 71, 68, -84, 83, -77, 75, -5, -58, 3, 10]
[-75, -5, -9, -57, 82, 40, 20, 61, -24, -37, -16, 59, 55, -18, -19, -46, 27, -81, 27, 45]
[48, -73, 16, 30, 42, 44, -6, 79, -98, -76, -66, 81, -63, 83, 68, 3, -14, 82, -37, 38]
[93, -75, 78, 92, -20, 61, 74, -72, -56, 93, 68, 63, -77, -89, -54, 49, -53, 41, 27, 77]
[-63, 94, -99, 61, 15, 80, -95, 72, 45, -89, -50, 28, -56, 20, 79, -30, 15, -73, 16, -36]
[38, -88, -1, 96, 2, -53, 2, 7, 85, 43, 13, -76, -64, -12, -76, -52, 25, 50, 19, -59]
[-51, -44, -10, 43, -14, -61, -51, 63, 63, 65, 63, -85, 31, 0, 88, -30, -90, 96, -41, 99]
[-98, -35, -7, 79, -5, 28, -11, 83, -52, -12, -73, 64, 54, 42, 26, 41, -68, -50, -64, 13]
[-60, -15, 81, -49, 26, 64, 3, 0, -21, -30, 89, 61, 31, -30, 6, 51, 10, -93, 21, 26]
[-4, -31, -42, 84, -19, 84, -48, 75, -3, 44, 61, 23, -80, -51, 72, 42, 32, -67, -99, -3, 23, -98, 40, 82, -48, 82, -22, 63, 55, 65]
[-14, -16, -5, 36, -35, -85, -3, 33, -84, 81, -1, -90, -75, -33, 62, -53, -55, 20, -70, 34, 60, 35, -48, -60, 37, -82, -15, 58, -66, 0]
[-54, -76, -65, 39, -53, 18, -1, -30, -33, 40, -5, -58, 75, -29, 51, -64, -56, -75, -28, -21, -5, 6, 97, -69, 83, 43, 67, 58, -46, 25]
[-2, 38, 6, -14, 39, 22, 93, 48, -1, 70, -26, -31, 44, 19, 50, 52, 22, -76, -12, 97, 13, 54, 76, -43, 86, 87, -46, 72, 85, -35]
[-87, 78, 5, -53, -16, 41, 56, 21, -58, 8, -66, -82, -8, 53, 76, 7, -7, -5, 2, 32, -68, -5, -79, 51, -93, 49, 46, 98, 19, -16]
[22, -53, 54, 73, 13, 4, 98, -51, 39, -71, -46, -89, 15, -57, 43, -18, 87, -63, 4, -86, 17, 6, -70, 84, -47, -24, -15, -80, 28, 88]
[57, -81, 27, 20, 74, -54, 79, -55, -13, 52, 94, 39, -61, 93, 45, -3, 47, -90, -66, 82, -76, 46, 80, 40, -38, 18, 15, 52, 78, 18]
[-1, -99, 50, -21, -86, -36, 22, 88, -14, -32, -4, 26, 15, -37, -20, 35, 22, 48, 6, -57, -85, 90, -5, 60, -7, -92, -38, 56, 76, 63]
[39, 2, -5, 43, -65, -17, 86, -34, -69, 44, 9, -53, 76, 41, 57, -15, -46, -69, 5, 86, 28, -30, -45, -92, -89, -11, 92, 67, -60, -35]
[14, 45, -87, 32, 31, -60, 70, 55, 12, 86, 72, -83, -13, -13, 77, 28, 16, -94, 66, 40, 55, 43, 79, 7, 73, -40, -35, 43, -85, -68]
[71, 65, -42, 64, 11, -74, -37, -9, -46, -30, 31, 32, -65, -14, 40, -33, -99, -82, 33, 7, -83, -39, -91, -70, 40, -41, 75, -49, -95, 86, 2, -72, 52, 38, 57, -5, 64, 41, 18, -37]
[-85, -71, 80, 75, 66, -98, -30, 85, -35, -27, 9, 51, 77, -14, -91, -67, 90, 31, -14, -18, -79, -28, -97, -93, -88, 48, -19, -12, -92, 67, -63, 55, 28, 75, 42, 28, 41, -73, 14, 41]
[17, -21, -27, -58, -21, 47, -80, 34, 78, -17, -56, -58, -64, -49, 13, -54, -85, -94, 2, -71, -70, 74, 69, -47, -1, 59, -15, -62, -16, 50, -49, 28, -82, -29, -68, -66, -39, 42, 4, 15]
[-12, 2, 29, -15, 64, 47, 22, 9, -1, -37, 20, -69, -69, -20, 24, -30, -97, -2, 1, -52, -24, -12, 51, 41, -9, 33, -25, -50, 14, -4, -30, -9, -36, -91, -13, 24, 0, -67, 24, 34]
[96, 87, -7, -56, 68, 91, -29, -23, -42, -51, -11, 15, 15, -62, -51, -9, 3, 4, 58, -68, 37, -96, 0, -55, -33, 99, 27, 78, 57, -58, 73, -98, 19, -61, 34, -14, 59, -34, 86, 65]
[-90, 18, -53, 29, 60, 65, 27, -25, 34, -13, 43, -12, 66, -92, -70, -30, -57, -21, 30, 9, -5, 77, 89, -41, -8, -92, 18, 66, 92, 67, -43, -88, -66, 19, 12, -64, 12, 85, 5, -86]
[-29, 92, 33, -84, -83, 47, -93, -59, -94, -80, 31, 6, -6, 28, -53, 6, 92, 99, -7, -54, 83, -9, 8, -11, -20, -47, -66, 7, 16, -31, -22, 18, 35, 16, -54, -63, -50, 43, 97, 13]
[45, 85, -19, 56, 73, 43, 68, -48, 67, 48, -83, 85, -76, 84, 75, 48, -79, -24, -45, 81, -52, -34, 73, -98, -99, -82, 94, -66, -84, -61, -35, 1, 88, 2, -93, 3, -1, 56, -21, 48]
[41, -98, 54, -5, 30, -84, 46, -91, -18, 80, -35, -29, -35, 91, 62, -70, 66, -37, 47, 99, 60, 42, 77, -49, 40, -81, -35, 95, 2, 16, 98, -66, -6, -27, 19, 97, 16, 61, -95, 59]
[11, 79, -5, -29, 34, -95, 94, -62, 88, -14, 11, -70, -46, -58, -14, -42, 26, -6, 44, -90, -16, 16, 45, 10, 7, 10, 46, -88, 92, 85, 19, -75, 8, 66, -98, 50, 88, -19, -6, 26]
[92, 83, -87, 68, 27, -3, 99, -91, 36, 36, -82, 86, 31, -40, -8, 9, -68, -63, -38, -80, 46, 60, -91, 51, 36, -47, -11, -69, 12, 50, 12, -10, -57, 60, 80, -31, -3, -21, -9, 28, -12, -5, -1, -96, -58, -90, 97, 98, 12, -9]
[0, 50, -83, -93, 67, 36, -80, 72, -11, -98, -93, 83, 8, -64, -55, -86, 24, 89, 50, -40, 70, -36, -60, 40, 80, 52, 49, -43, -88, -35, 89, 61, 60, -15, -1, 60, 32, -5, -68, 67, -1, -59, -45, -5, 30, -30, -49, -67, -67, 20]
[32, -31, 18, -47, 24, 36, -9, 33, -30, -66, -40, -76, -26, -91, 27, 91, -84, -9, 71, 11, 86, 17, 20, -35, -47, -88, -62, -60, -77, 7, 21, -52, -7, 47, 28, 99, -99, -14, 40, -62, -83, -72, 75, -18, -31, 90, -82, 23, 92, -41]
[-71, -20, -97, -53, 58, 12, -17, 23, 25, -99, -56, 26, -67, 56, 9, -68, -57, -32, 62, -92, 68, 5, -14, -80, 69, -66, -21, 83, -57, -26, 39, 63, 5, -99, 28, -18, 5, 33, -30, -2, -99, -44, 87, -35, -10, -47, -73, 99, -36, 98]
[3, 27, -36, -49, -50, 62, 19, 18, 61, -39, 55, 61, -39, -1, 57, 22, 40, -9, -93, 26, -99, -38, 69, -11, 25, 95, -69, -40, -74, -76, -70, 75, 15, -71, 13, -56, 20, -6, 62, 81, -83, -98, 6, 13, 54, -80, 99, 68, -94, -66]
[20, -48, 29, 35, -87, 20, -27, 27, 67, 11, -21, 51, -90, -70, -41, 42, 36, 56, -76, -47, 23, 17, 83, 12, -18, -60, 94, 21, -47, -6, -32, -62, 5, 4, -10, 22, -46, -98, 7, -44, 15, 38, -59, -3, -96, -47, 19, -62, -75, 88]
[9, 57, -77, -30, -46, -16, -59, 4, -25, 84, 17, 1, -31, -91, -10, -81, 69, -36, -78, 20, 83, -65, 74, 39, 70, 34, -73, 34, 48, 83, 20, -49, -86, -6, 42, -20, -89, -18, 58, 47, 93, 16, 33, -43, 98, -96, 89, -32, -69, 88]
[-42, 28, 85, -60, -32, 76, 94, 5, 6, 95, -40, -12, 34, 20, 33, 52, 60, -64, 86, -41, -1, -48, -49, 85, -2, 74, -42, 53, -38, 87, -89, 79, 0, -4, 32, 16, 77, -40, -82, 11, 51, 26, -92, -83, 8, -9, 26, -70, -98, -26]
[63, -94, 25, 75, -53, -35, 52, -84, -9, -74, -97, -59, -94, 55, -76, -10, -49, -45, 53, 60, 66, 97, -2, 22, -3, -83, 39, -39, 69, -51, -59, 43, -40, 63, 93, -19, -80, -43, 69, -33, -90, 26, -62, 4, 72, -17, 6, -46, 91, 62]
[49, -38, -41, 11, 80, -52, -51, -82, -17, 56, -21, -32, 8, -12, 97, 54, 48, -76, -84, -23, -45, 89, -87, 72, -12, 81, 63, 40, -51, -42, -95, -60, 4, -78, 68, 6, -93, -81, -50, 15, -1, -72, -65, -54, -86, -71, -1, 75, 78, -93]
[76, 62, -57, -72, -97, -36, 79, -95, 26, -76, -10, -17, 8, 74, -1, 73, -26, -17, 66, -71, 17, -30, 67, 13, 15, -65, -64, 33, 79, 9, -82, 71, -43, 15, -38, -82, 9, -43, -60, -44, 56, 86, 8, -57, 38, -62, -93, 66, 47, 83, 1, 51, 76, 99, 6, -14, 55, 92, 15, -53]
[-96, -66, -40, -92, -36, 85, -8, -49, 17, -4, 18, -13, 24, 53, -53, -47, -55, -98, 71, 80, 44, -91, -8, -18, -45, 67, -18, -69, 98, 0, 72, -29, 32, 80, 53, -68, 47, 10, 99, -58, -86, 20, -86, -80, -5, -79, 85, 1, -80, 53, 92, 55, -88, 54, 47, -67, 63, 81, 57, 46]
[3, 90, 67, 42, 34, -95, -16, -82, 56, -97, 18, 23, 14, -13, -32, 4, -38, 62, -10, 78, -43, 19, -67, -96, 64, -95, 8, -47, 18, -65, -5, 66, 99, -38, 27, -14, 93, 78, 50, 16, 29, 41, -9, -94, -32, -63, -71, 52, -11, 45, -38, 95, -97, -84, -15, -44, -35, 6, -39, -73]
[88, -22, 27, 8, -33, -64, 87, -17, 85, -87, 11, 5, -59, 61, 23, 36, 89, -58, 94, -78, -55, -28, 32, 35, 3, 52, 52, -6, -7, 69, 99, 52, 22, 26, -41, -96, -62, -94, 0, 28, 65, -76, -60, 47, 91, -81, -35, -89, 38, -14, -43, 87, -41, -19, 53, -56, 36, 12, -45, 22]
[24, -5, -9, -92, -98, -39, 61, -33, 34, -29, -14, -7, -52, 3, 78, 40, 64, -78, 7, -83, 5, 42, 79, -1, -63, -36, 68, -60, 33, -58, 83, 49, -41, -17, -92, 43, 39, -94, -58, -48, 33, 67, -94, 49, -43, -21, 54, -1, -45, -61, -55, -8, 5, 56, 57, -71, -11, -93, -20, 91]
[-91, 54, 20, -9, -42, -82, 20, 60, 78, -96, -94, 16, -42, -26, 98, -47, 49, -4, 73, 84, 0, -53, -64, -75, -29, 98, 10, 13, -4, -36, 8, 31, 41, -34, -2, 83, 96, 36, -69, 5, 56, 26, 43, 29, 6, 62, 82, 38, 72, 65, 71, -2, 18, 79, -42, 17, -37, -35, -6, 47]
[31, 16, 72, 68, -37, 45, -16, 97, 17, 47, -15, 53, -77, -5, -91, -16, -68, 98, -53, 21, 9, -30, 92, -45, 33, 77, 20, 44, -33, -54, 19, 3, -33, 9, 47, 29, -14, -8, 92, -20, 42, -77, -3, -70, -23, -12, 72, -29, 40, 89, -55, -89, 1, 30, -41, 21, -44, 60, -5, -32]
[-90, -90, -70, 37, 50, -9, -48, 50, 10, 44, -33, -3, 79, 24, -80, -24, 44, 26, 1, -95, 49, -92, 62, 77, 95, -55, 69, 69, 60, -81, -88, -94, -48, -88, -50, -71, 75, 27, -56, -7, -60, -27, 43, 31, -26, 38, 13, -72, -54, 92, -51, -71, -40, 27, 85, -86, -22, -70, 34, -54]
[31, -69, 5, -71, 98, -51, -12, -55, 73, 30, 56, -7, -1, 32, -93, -28, -13, 44, 38, 55, 0, -88, -6, -42, -29, -35, -8, 53, -84, 31, -10, 49, 48, -12, -89, -69, -99, -8, 31, 24, 46, -49, -22, 3, -4, -86, 12, 35, 49, -11, -58, -91, -64, -80, 17, -34, -56, 36, -36, 20]
[-91, 37, -74, -9, 30, 42, 80, -84, 23, 28, 69, 60, 47, 14, 38, 30, 62, -19, -30, -45, -91, 23, 99, 21, 54, 72, 37, 35, -68, -15, 78, 84, -44, -75, 1, -15, 17, -32, -34, -40, -73, 17, 42, -38, 47, 87, 73, -19, -20, 45, -30, 5, 39, 84, -47, -89, 14, -77, 45, -51]
[-75, 83, 65, 13, 49, -41, -98, 18, -85, -77, 79, 11, -22, -50, 42, -11, -93, -40, -2, -77, -79, -22, -39, 19, -82, 65, -6, 12, -25, -71, 39, -78, -32, 50, -42, -4, 3, 4, -36, 92, 88, -50, -65, 82, 77, 50, -56, 11, 92, 59, -17, 14, 6, 83, 78, 81, 74, 3, 73, -79, -15, -83, 44, -71, -78, -20, -96, -51, -41, -41]
[-22, 81, -67, -94, -22, 15, -27, 97, -27, -63, 3, -63, -47, 58, -40, -9, 68, -75, 11, -46, -31, 74, -79, -17, -57, 63, -56, 79, 15, -97, -15, 75, -32, -22, 82, -73, -90, -81, 39, -24, 67, -84, 75, 0, -67, 80, -60, 75, -19, -4, 36, 2, -55, -96, -74, -11, -17, -22, -10, 65, -19, -4, 93, -12, -30, 70, -4, -89, 95, 56]
[93, 71, -68, 3, 67, -2, -6, -1, -57, -71, 62, 62, 36, -34, 5, -28, -82, -52, 27, 18, -58, 28, 83, 21, -86, -26, 68, -36, -37, 40, 11, 78, -25, -85, 21, 86, -77, 79, 73, -82, -19, -98, -99, -73, -18, -70, 78, 31, 39, -2, -83, 13, 98, -19, 58, 0, 58, 65, 22, 58, -14, -57, -77, 95, 67, 38, 35, -75, -5, -73]
[44, 0, 2, 99, 59, -58, -11, 61, 9, 91, -21, 81, -70, -92, 18, 7, 72, 7, -97, 56, 66, -72, -42, 21, -96, 58, -87, -12, -87, -94, -77, 91, 83, 93, -59, 49, -4, -66, -48, -7, 99, -4, 83, 47, 15, 22, -83, 93, -17, 5, -60, 4, 26, 31, 29, -68, -72, -85, -88, 24, -26, 40, 94, -88, 72, 15, -44, -71, -31, -45]
[62, 53, -15, 22, -63, -10, -68, -92, 17, 81, -55, -16, 72, -30, 47, -48, 65, -38, -1, 84, 59, -39, 9, 20, -21, -22, 75, 95, 80, 33, -39, 59, -12, -78, 0, 12, -17, 94, -7, -41, 31, -62, -22, -41, -49, 79, 19, 6, -71, 27, -75, 97, 64, 75, -19, 28, -36, -38, 25, -10, -74, 80, 86, -7, -16, -58, -62, -7, -79, 60]
[-93, 29, 92, 55, -20, 71, -29, -86, -19, 93, -15, -59, 11, -30, 7, -69, 51, -32, 38, 59, -25, -58, -40, -85, 45, -36, -81, 66, -85, -58, -58, 16, 53, 86, -86, 33, -16, 73, 36, -48, -95, 21, -47, -25, 55, -46, 13, 60, -54, -63, 9, -56, 7, -46, -71, 87, -79, 25, 27, -79, 62, 18, -31, 91, -68, -4, 78, 86, -43, -94]
[-64, 42, 8, 31, -54, 31, 11, 10, 44, -96, -31, -61, -26, 0, -41, -24, -79, 94, -74, 20, 58, 53, -66, -31, -81, -23, 50, 27, 15, -47, -83, 49, -33, -30, 19, 76, 12, -5, -16, -15, 58, 61, -56, -18, 36, 94, -21, -9, -38, 5, -66, 52, -48, -75, -81, -69, 37, -68, -87, -64, -43, 20, -92, 15, -68, 98, 99, -66, -89, 67]
[-49, -84, 96, 40, -81, -14, 17, -93, -32, 25, 38, -29, -57, 39, 22, 40, 56, -91, 16, 92, -36, 79, 6, -46, 70, 44, 7, 71, 74, 5, 24, 69, 26, 42, 33, 22, 8, 58, 41, -14, -51, -93, -64, 77, -73, -34, -73, 17, 5, 31, 24, 62, 77, -62, -50, 49, 21, -96, 42, 21, 91, 26, -77, 4, -53, 47, -89, 65, -78, -1]
[14, -54, -23, 62, -19, 53, 46, 50, 18, 79, -71, -47, -93, 4, 65, 47, -14, -97, 64, -29, 45, -2, 5, 81, -50, 70, 60, -9, -29, 51, -97, 0, -14, -33, -85, -73, 91, -4, -77, 63, 4, -47, 25, 97, -1, -48, -14, 19, -23, -29, 95, 79, 8, 56, -98, 96, -49, 9, -91, 32, 55, -48, 42, 52, -68, -59, -72, -63, 99, 56]
[-27, -7, 98, 5, -14, -9, -84, 79, -63, -32, -35, 5, 92, 81, -45, -6, -4, -36, -11, -14, 99, -85, -24, 9, -91, 90, -84, -72, -6, 23, 13, -92, -81, 68, -49, -31, 99, 82, 53, -37, -81, 49, -32, -8, -27, -19, -97, 57, 13, 71, -17, -21, -86, -64, 20, -72, 87, 47, 24, 14, -93, 49, -73, 1, 10, -82, 27, -1, 63, -27]
[36, 47, 15, -5, -29, -39, 92, -73, -10, 30, -50, 0, 72, 76, 76, -80, 38, -4, -72, -43, -80, -36, 55, -15, -23, -35, 61, -1, -59, -79, -91, 71, -26, -62, -99, -74, -69, -8, 55, 33, 38, 9, 16, 24, 81, -91, -10, 4, -12, 16, -16, 80, 72, -51, 91, 91, -84, 56, 54, 78, -2, 41, -64, 12, -62, -67, 82, -42, -51, 94, -10, 58, 8, -3, -6, -29, -45, 15, 37, -35]
[-54, 37, 41, -33, -22, -84, 12, 68, -63, 12, -42, 63, 29, 6, -86, -88, -59, -59, -85, 83, -17, -59, -77, 38, -37, 23, -95, -22, -62, -1, 97, -61, 74, 10, -21, -93, 58, 19, 84, 80, 11, -91, 10, 66, -63, 42, 52, -42, 65, 84, 39, 59, -50, -44, 71, -68, -52, -44, 9, -96, -25, 99, 90, -95, -32, -1, -95, 45, -17, 85, -29, -80, -97, 52, -1, -90, -44, 71, 55, -45]
[69, -73, -82, -12, -37, 53, -61, -81, -13, 39, 12, 49, 71, -43, -30, -70, -87, 49, 99, -77, 20, 95, 38, -95, -24, 15, 7, 34, -26, 46, 98, 68, -42, 18, -78, 66, -38, -67, 60, 16, 89, -22, 8, 0, 14, 24, 28, -57, 98, 70, 18, 62, 40, 8, -27, 43, -69, 80, -20, -63, -82, 65, 54, 1, -84, -8, -8, -36, -26, -42, -99, 57, 34, -7, -59, -5, 31, -49, 47, -89]
[43, -12, 11, -89, 86, -4, 6, -3, -40, 54, -45, 23, -43, 25, 62, -63, 41, 71, 50, -92, -46, 87, 18, 44, -95, 80, 22, -69, 9, 76, 47, -33, -30, -61, 89, -14, -29, 22, -35, 90, -45, 23, -26, 90, 5, -83, -23, -49, 28, -91, -41, 90, -62, 19, 48, 23, 65, -42, 34, -13, -9, 46, -34, 14, -62, -93, -34, -79, 60, -53, -22, 21, -45, 88, 99, 28, 43, -29, -53, 1]
[-31, -24, -16, 81, 98, -3, 51, -99, 30, 14, 84, 40, 73, 6, -58, -9, 54, 18, 73, -80, 1, 3, 31, 85, 30, -55, 92, -83, -23, 75, 86, -84, 93, -90, -90, 53, 92, 65, -17, -25, 97, -82, -44, 99, -51, -55, -87, 6, 15, 69, -40, 81, -3, 80, 86, -16, -41, -21, 51, -52, 4, 32, 42, 33, -68, 94, -32, -5, -51, 94, -12, 24, 34, 41, -80, -95, -51, 73, 26, -31]
[90, -55, 36, 24, 79, 73, 68, -40, 93, 68, -45, 47, 14, -18, -75, 29, -53, -25, 40, -52, -97, -71, -97, 44, 96, -62, 81, -49, -80, -48, 58, 25, -1, 28, -78, 11, -7, 34, -60, 58, 49, 25, -11, 83, 25, -30, -35, 58, -95, -11, -28, 98, -94, -89, -70, 56, 86, 10, -31, -92, 95, -5, 67, -41, 52, 32, 5, 9, -24, 3, 38, 14, -74, -80, -84, 80, 87, -71, -86, -78]
[3, 47, 91, 10, 53, 44, 82, 66, 76, 29, -20, -9, -19, 43, -76, -95, -85, 88, 83, 50, -82, 10, -91, 55, -46, -33, -82, -70, 9, 51, 38, 81, -9, -50, 42, -48, 72, 39, -70, 18, -14, -34, 7, 96, 18, -72, 0, -24, -59, 98, 46, 86, 5, -35, 10, -37, 56, -16, -77, -75, 55, 29, -27, 11, -45, -17, -11, 22, -89, 35, 55, -4, 2, -75, -27, 39, -82, 10, 65, -30]
[-37, 76, -72, -29, -32, -87, 84, -49, -49, -11, -16, -5, -57, -88, 30, 10, 60, -94, -6, 38, -31, 47, 73, 88, 20, 47, 96, -67, 77, 37, 52, 85, -76, 39, 67, -94, 55, 96, 12, 13, 76, -96, 56, -82, 27, 62, -26, 51, 13, 67, 23, 20, 89, -57, -94, 32, -91, -1, 30, 52, 64, 42, 96, 92, 48, 60, 15, -85, -68, -34, -68, 60, -68, 94, 77, -91, 81, -37, 81, -14]
[81, -76, -66, 24, 47, 18, 48, 24, -60, 59, -8, -67, 0, 55, -33, -28, 59, -88, -92, 59, 45, -52, -73, 78, 31, -35, -9, 11, 38, -54, -94, 88, -3, 5, -72, 27, 56, 40, -21, 55, -18, -21, 21, 81, -84, -4, 56, -72, 2, 65, -92, 65, 4, 59, -41, -2, 58, -38, 47, 51, 31, 82, -73, 72, 63, 40, 95, 79, -14, 23, 27, 47, -27, -45, 51, -24, -37, 29, 66, -64]
[-61, 83, -92, -87, 47, -21, -61, -34, -33, 43, -44, -67, -69, -32, 58, 63, -74, 95, 33, -37, 89, 47, -98, 45, 26, -26, 28, 99, -11, -73, -55, 64, -15, -17, -81, -82, 6, 35, 74, 16, 48, 46, -40, -91, 65, -31, 97, -98, 80, 78, -56, -40, -26, 93, 64, 76, 18, 91, 44, 20, 1, 17, -30, -50, 50, -27, -18, 37, 6, 62, -87, 80, 78, -80, 99, -26, 51, -88, -75, -51]
[99, -35, -25, 93, -45, 77, -50, -95, 10, 96, 47, -15, 30, 48, -93, -38, 22, 90, -3, -13, 70, -61, -31, 6, 23, -94, 92, 16, -85, -68, 11, 23, -64, -82, -30, 46, 24, -19, -13, 29, -29, -66, 44, -15, 95, -67, -26, -76, 18, -80, 50, 7, -62, -45, -40, -92, 13, 67, 88, 43, 79, -38, -44, 40, -17, 85, -39, 5, -54, -47, -31, -74, -65, 42, 91, 7, 29, -90, -50, -68, -13, 79, 49, 86, -54, -58, -73, 93, 99, -21]
[-53, 77, 59, 89, 94, 67, -80, 48, -46, 12, 44, -30, -50, 45, 51, 12, 5, 31, 94, -7, -33, -57, -68, 61, -43, -30, -72, -87, 45, 67, -16, 19, -7, -2, 83, 89, -66, -23, 59, -68, -96, 92, 92, -58, 72, -92, 58, 50, -67, -20, -26, 36, -23, 1, -49, -7, -95, -85, 30, -94, 41, 61, -45, -56, -98, 50, -53, -38, -60, -93, -27, 21, 99, 6, 22, 91, 12, 9, 81, 5, 2, 76, -44, 15, -42, 27, -4, -26, 91, -50]
[68, 96, -89, 12, 12, -28, -63, -71, -89, -30, 41, -5, 46, 79, 29, -77, 91, -55, -79, 54, -4, 78, -16, -62, -37, -73, -47, 68, 35, 92, 71, -55, -74, 10, -92, -41, 61, 87, -35, -93, 53, 16, -31, 77, 52, -79, 5, -25, -97, 13, 91, 61, 81, -17, -60, -73, -42, 70, -7, 21, 14, -45, 73, -80, -55, 94, 47, 72, 78, 7, 30, -42, -80, -72, 79, 28, -57, -31, 53, 75, -5, -42, 98, 66, -72, 8, -42, -99, 53, 83]
[-88, -23, -91, -49, 25, -58, -22, -13, -42, -25, -2, -63, 14, -11, 38, 73, 36, 48, 9, 2, 91, 48, -28, -15, 61, 57, -7, -31, 69, -8, 33, -31, 82, 65, 11, -69, 25, -85, 4, 25, -78, 70, -30, 99, -55, 74, -34, -25, -71, 99, -36, -50, 29, -28, -24, 53, -38, -79, 63, 85, 35, 19, -17, -97, 41, -31, -61, 29, -69, -39, -10, 92, -41, -8, -69, -74, 11, 50, 85, -22, 68, -49, -13, -47, -5, 12, 43, 59, 17, 88]
[-77, -3, 39, -97, -45, -80, 94, -35, 6, -55, 4, -92, -15, -56, -36, -31, -57, -16, 7, 50, -30, -7, 34, 15, 92, -74, 46, -72, -33, 33, -58, 21, 39, -77, -52, -80, -35, -24, -79, 9, 93, 39, 0, -89, -10, -76, 27, -32, 32, 63, 32, -15, 76, -31, 7, 8, 91, -57, 92, 85, 45, 84, 59, 44, 24, -37, -24, 74, 52, 38, -86, -67, -4, -20, 30, -27, 59, 42, 6, -49, 22, 74, 79, 63, 57, -93, -79, 64, 52, 52]
[-20, -2, -53, -24, -51, -47, -60, -73, -40, 62, -95, 12, 42, 76, 29, -8, 4, -73, 48, -35, 6, -22, -2, 37, 21, -22, 4, 55, -63, -5, 38, 26, -17, 32, 76, 65, -15, 52, 77, 35, 0, -80, 27, 55, 13, -90, -85, -40, -71, 67, -89, -24, 50, 66, -46, -73, -12, 0, -70, -22, -62, 31, 88, -63, 42, 82, -46, -94, 81, -36, 81, 6, -24, 4, -40, -13, -25, 7, -70, 36, 4, -19, -31, -46, 12, 90, -41, -12, -86, 90]
[23, 5, -7, -86, -38, 65, 77, -8, -51, -69, 41, 90, -14, -15, -26, -28, -33, -87, 86, 29, -5, -12, -55, 90, -50, 93, 76, -67, -47, 87, -45, -24, 89, -63, 95, 46, -38, -36, 58, 9, 52, -98, 79, -30, -98, 6, -19, -8, -71, 38, -2, 33, -26, -19, 60, 37, -39, -55, -96, -3, 59, 25, -9, -68, 77, 34, -19, -95, 36, -73, 86, 68, 49, 14, -31, 94, 83, -73, 54, -52, 48, 46, 70, 43, -54, 14, -45, 96, 88, 30]
[-88, 32, -87, -92, -85, -83, -78, 47, 54, 33, -84, -57, -14, -60, -44, -99, 3, 35, 23, 84, 43, -24, -6, 79, 4, -43, 51, -89, 76, 59, 35, -73, -75, 89, 13, 59, 2, -23, -82, 72, 78, 80, 13, -83, 0, -1, -15, 60, 32, -81, 72, 58, -27, 32, 91, 35, 93, 42, 63, 74, 33, 93, -85, 17, -52, -54, -80, -72, -24, -88, 63, -61, -56, 19, 50, 5, 92, 45, 89, 52, -13, 91, -64, -99, 92, -80, -50, -5, -88, 2]
[-35, -26, -88, -75, -11, -67, -28, 38, 77, 48, -75, -81, 28, 70, -66, -4, -30, 26, 65, 72, -27, 73, -67, -10, -93, -84, 68, 84, 38, -41, -81, 91, 69, 71, -7, 95, 91, 6, 93, -32, -38, -13, -89, 62, 19, -31, -42, -6, 31, 68, 20, 31, 0, -68, 79, -48, 96, 21, 19, 15, -15, 29, 42, -62, 28, -85, -64, 84, -19, -60, -69, -28, -73, -7, -18, 52, 32, -42, -91, 21, 50, -10, 56, -43, 43, 17, 77, 69, 55, -6]
[42, 99, 8, 89, -34, 53, -91, -42, -79, -80, -24, -92, -34, -83, 41, 63, -60, 46, 33, -28, 33, -6, 35, 90, -87, -96, 80, 14, -23, -64, -17, -34, -9, -36, -58, -62, 45, 87, 64, -59, 45, 33, 44, 71, 32, 55, -88, 9, 69, 98, -22, -57, 32, 24, 62, -32, 53, 11, 27, 78, -64, -77, -46, 34, -78, 20, -77, 80, -55, 37, -15, 68, 17, -31, -36, -16, 24, -65, 27, -58, 89, 71, -55, 74, 70, -83, 84, 78, 34, -3]
[24, -26, 3, -36, 92, -6, 73, -30, -12, -66, -35, 78, 67, -79, 63, 53, 46, -75, 99, -93, -78, 64, -16, -72, 92, 57, 29, -50, -22, 78, -78, -60, 7, 37, -74, -88, -20, 20, -98, -51, 99, 67, 51, -14, 33, 86, 39, -67, -39, -1, 37, 49, 0, 9, -81, -93, 20, -90, 71, 35, -15, -42, 2, -53, 84, -64, -68, 9, 56, -28, 21, 43, 28, 52, 91, 83, -68, 24, 59, -24, -12, 96, 52, -67, -81, 35, 55, 6, 5, 62, -92, 76, -90, -78, 56, -56, -48, 70, 58, -92]
[1, 68, -14, -8, -75, -76, 24, -78, -14, -16, -81, 78, -95, 86, -44, -23, -14, 79, -31, -56, -7, 85, -75, 7, -70, -50, 78, -16, -22, 60, 20, -8, -48, 61, -5, -3, 86, -77, -1, -28, 23, 33, 49, -57, -80, 40, -90, -9, -76, -19, -91, -98, 59, 61, -3, 96, -49, 72, -97, -52, 61, 67, -27, 25, -54, -85, -1, -38, 45, 67, 2, -11, -19, 73, -88, 93, 71, 13, -90, 86, 71, 57, -50, 37, 0, -49, 75, 15, -73, -47, -21, 48, -63, -30, 63, -26, 88, -47, 85, 2]
[43, 0, -80, -67, -23, -68, 23, 34, 32, 35, -59, -36, -44, -69, -65, 93, 27, -50, -25, -14, -77, 78, -19, -42, 65, -69, 30, -48, -64, 16, -8, -42, -34, -53, 24, -87, -52, -13, 63, 37, 45, 52, 93, 34, -38, 96, -53, 70, 74, -63, 89, -30, 26, -50, -6, 12, 98, 62, -43, 95, 57, 32, -79, -64, -47, 72, 71, 19, -22, 50, -84, -19, -25, 46, -16, 8, 7, 39, 25, -8, 10, -68, -17, -92, -5, 26, -13, 70, -54, -12, -58, -10, -68, 34, 82, 89, 37, -36, 18, -43]
[6, -56, 45, -54, 68, -74, -43, -35, 80, -60, 14, -59, 52, -49, -50, -34, 34, -64, -33, 4, -78, 59, 27, 1, 44, 96, -16, -93, 82, 26, -86, -3, -86, -59, 25, -70, -22, 42, 84, 22, -47, -97, -48, 28, -41, 88, -88, -15, -20, -4, 59, 60, -81, 79, 34, 18, -37, 18, 88, -3, -68, 97, -62, -10, -23, 56, -81, 61, 37, -24, -13, -37, -62, -96, -25, 45, 29, 72, 90, 92, -62, -2, -59, -19, -53, -61, 65, 90, -3, -86, -68, -41, -93, 38, -78, 17, 36, 25, 42, 60]
[57, 98, 54, 58, 40, 97, -53, -56, -91, 54, 3, -88, -10, -96, 1, -86, -26, -77, -77, -93, -36, -77, 24, 16, -12, -99, -66, 14, -25, -18, -48, 94, 82, 73, 63, -69, -59, -61, 72, 40, 1, 20, -74, 32, 55, -93, -19, 57, -50, -95, -34, 13, -31, -83, 67, -34, 59, 57, 22, -65, 12, 64, -89, 52, -35, -79, 52, -30, -31, 14, -66, 65, -98, -20, -35, -84, -35, -28, 57, 19, -99, -90, 69, -10, -95, 7, 2, 9, -21, -7, -95, 24, 34, -81, 6, -23, 30, 70, 31, -98]
[-82, 15, 68, 5, 8, -2, -18, 56, 83, 75, 2, -47, 45, -6, -18, 28, -35, 25, 91, -25, -16, 21, 88, -27, -81, 30, -12, 23, 19, -39, -57, 11, -74, -83, 55, 29, -87, 5, -62, -6, -40, -78, 18, 37, 2, -29, 13, 0, 72, 67, -16, -62, 52, -80, 40, -68, 98, 90, 66, 25, -25, -58, 46, 69, 84, -2, 8, -4, -24, -58, -55, 40, 84, 49, -77, 34, 90, -36, -20, 89, -94, 93, 65, -3, -75, 72, 29, 83, -68, 3, -91, 97, 23, -44, -83, 66, 5, -54, 48, -1]
[-68, -73, -45, 77, 39, 42, -30, -18, 24, -15, 12, 15, 39, 67, 83, 56, 15, 18, 3, 68, 52, 31, 81, 62, -40, 13, -80, 35, -3, -38, -20, -58, -91, 26, -78, 20, -68, -71, 3, -47, -76, 37, 25, 28, 34, 15, 13, 40, 4, 9, -67, -10, -96, -72, -59, 33, -44, 29, -66, -92, 1, -70, 45, 56, -35, 25, -78, -20, -14, -54, -96, 64, 2, -94, 42, -12, 20, -89, -4, 12, -56, -73, 55, 91, -50, 7, 90, -71, -75, 87, -6, -17, 40, 86, 23, 23, -72, 61, 40, 46]
[-87, -63, 94, 83, -42, 95, 78, 37, -37, -68, 77, 77, -51, -82, -37, -50, 26, -15, -16, -54, 29, 87, -51, -87, -53, -96, 98, 54, 90, 25, 67, -48, 17, 60, 12, 96, 11, 38, 67, -13, 46, 1, -9, 7, 10, 73, -99, 2, -49, -75, -88, 0, 59, 3, -45, -39, 6, -88, -41, 41, -58, -30, 52, 94, 33, 27, 5, 84, 67, 21, 51, -81, 84, 5, -38, 68, 11, 16, -33, -91, 41, -40, 48, 64, 35, 87, -84, -85, 56, 93, 65, 1, 90, 48, 12, -16, 3, 11, -62, 42]
[64, -63, -99, 60, -4, 5, 39, -82, 85, 6, -17, -60, 2, 61, -87, -17, 4, -90, -3, -40, 48, -97, -3, -35, -95, -39, -35, 65, -4, -54, -34, 55, -91, -8, -50, 64, 67, -95, -37, -19, 69, 24, -44, 73, -11, 16, 83, 40, 89, 31, 56, 17, -15, 79, -29, -45, -24, -29, 69, 3, -52, 38, 93, -61, -50, 18, 61, -97, 76, 6, -86, 79, -5, -3, 82, -82, 84, 50, -60, -95, -22, 79, -37, -94, 15, 63, -55, 69, 69, 61, 58, 92, 6, 24, -96, -42, 4, -26, -25, -67]
[-67, 40, 11, 72, 24, -53, 98, -77, 88, -46, -65, -74, -38, -91, 16, 80, 33, 3, -75, -35, 9, -67, 12, 92, -6, -41, 82, -84, 16, 54, 6, -2, 87, -65, 53, -57, 49, 27, -69, -62, 75, -44, 68, -11, -18, -32, -85, -12, -94, -90, -17, 68, -24, -22, 49, -6, 30, -36, 34, 93, 13, -71, -67, -69, 25, 27, 54, -86, -10, 81, -38, 93, 86, 77, 75, -96, 17, 87, 97, -64, 89, 90, 73, 74, -54, 64, 22, -57, -48, -5, 79, 36, 87, 3, -71, 37, -40, -83, 47, -97]
