[-12, 22, 82, 31, -10, 60, -7, -77, -99, 84]
[-87, -4, 32, 53, -99, -41, 17, -82, 4, 65]
[74, 63, -99, -14, 78, 29, -95, -93, 43, -13]
[63, -12, -51, -5, -93, 81, 73, 9, 46, -29]
[32, 97, -54, -31, 40, -13, -46, 2, -98, -64]
[-33, -13, 49, -32, -29, -40, 44, 70, 81, -47]
[-79, 44, 93, -52, 63, -34, 78, -68, -76, -17]
[2, 37, 56, 72, 67, 6, -13, -4, -71, 95]
[-18, -52, 69, 15, -75, 51, -20, 93, -6, 98]
[-58, -34, -7, 13, -52, -35, -5, 35, 85, -52]
[-90, 78, -63, -36, 75, -56, 17, -13, -45, 66, 75, 59, -72, -52, -59, 3, -65, -11, -84, 76]
[-83, -60, -61, 99, 27, 78, 20, -60, 54, 61, 60, -82, 67, -35, 83, -3, 89, 2, 51, -66]
[25, 44, 60, 22, -47, -60, 58, 72, 76, 23, 80, -86, -79, 15, -44, -33, -21, -91, -89, 53]
[-34, 9, 27, 28, -30, -14, -64, -4, 84, 45, 47, -96, -55, -62, -64, -3, 12, -54, 11, 18]
[35, -74, 37, 61, -53, 16, 41, -41, -7, -69, -29, -48, 12, 59, 21, 98, 63, -54, -9, -22]
[17, -61, 66, -32, -94, -52, -68, -1, 81, -99, -24, -93, -28, 20, -79, 25, -36, -12, -31, -50]
[-20, 9, 28, -57, -77, 53, -11, 99, 55, 55, -27, 78, -14, 70, -12, -17, 27, -12, 46, 11]
[94, 35, 85, -59, -55, -65, 55, 39, -90, -83, -43, 24, 97, -79, -37, 96, -95, 59, 13, 16]
[-80, 95, 83, -30, -25, -49, 86, -29, -98, 80, -94, -60, -97, 23, -34, 47, -78, 8, -91, 92]
[-51, -45, -74, -63, -78, 13, -95, -48, -45, -11, 61, -77, 15, 87, -19, 27, -75, 98, 30, 33]
[-32, 29, 9, 87, -86, 65, 12, 61, 87, -8, 26, 84, -24, 91, -88, 12, 10, -33, 14, -30, -48, -30, -12, 80, 44, -1, -11, 53, -58, 6]
[56, -21, 63, -7, 83, 34, 73, 16, -46, -74, -91, -4, -66, -15, -14, -39, -52, 3, 38, 16, 55, -4, 75, -64, -91, -58, 27, 63, 80, -26]
[92, -72, 6, 96, 63, 89, -14, -74, -80, -88, -10, -58, 49, -7, 88, 18, -45, 99, 4, -36, -28, -77, -35, 25, 88, 66, 36, -42, 86, -25]
[-14, 75, -85, -77, -66, -12, -36, 7, 25, 46, 82, 17, -66, 48, -6, 64, 85, -44, -39, 33, 72, -67, 48, 24, -36, 14, -97, -7, -81, -63]
[-14, 87, 43, 81, -80, 41, -90, -60, -21, -36, 83, 14, -15, -28, 45, -46, 10, -49, 24, -16, 36, 97, 73, 61, -10, -10, 62, -3, -90, 60]
[40, -75, 90, 66, -55, -25, 98, 41, -44, -60, 43, -88, 12, -52, 58, 98, 16, 2, 81, 87, -70, -61, -51, 1, 75, 10, -13, 62, -4, -72]
[32, -99, -39, -89, -62, 86, -48, 62, 8, 90, 2, 29, 62, 99, 96, -77, 97, 83, 24, 10, -92, -61, -98, -59, -6, -57, 89, -54, 51, 56]
[21, 43, -68, 81, 68, 92, 22, 39, -50, -17, 61, -93, 15, 65, -43, -48, -42, -52, -63, 98, -51, -29, -88, -3, 56, 57, 41, -29, 11, 46]
[58, 23, -22, -9, 35, -24, -64, -10, 42, -29, 69, 38, 50, -20, -23, -40, 11, 33, -99, 59, -39, -13, -47, 69, 61, -63, -45, 27, 21, -29]
[50, -32, 18, -56, 6, 92, 16, -91, 19, -8, 45, -28, -12, -84, 79, 46, -69, 8, 78, -21, 51, -78, -39, 68, -17, -1, -42, 80, -47, -51]
[53, -42, 45, 3, 30, 35, -34, -91, -32, -66, 59, 66, -62, 64, 23, 58, -96, 21, -39, -88, -24, -93, -36, 77, 57, 64, 24, 77, 11, -52, 15, 82, -43, -30, 85, -60, -66, -1, -21, -69]
[-40, -15, 67, -16, 80, -75, 79, 8, 4, 42, -66, -98, 46, -20, -39, 49, 16, -82, 7, -13, -66, -77, -76, 35, -71, -74, -8, 80, 45, 89, -23, -73, 18, -39, -88, -18, -92, -66, -83, -54]
[-64, -13, -35, 9, 61, -9, 56, 69, -99, 81, -37, -38, 87, 0, -10, 69, -4, -95, 44, 5, -44, -73, 4, 99, 47, 64, -25, 93, -51, 27, 94, 45, 58, 24, -13, -73, -13, -80, -39, -12]
[39, 88, 88, 97, -78, 94, 16, 15, -94, -62, -63, -70, -31, -78, 38, 67, 24, 25, 40, 36, -84, 62, 21, 73, 9, 35, -24, 48, -35, -25, 14, 4, 59, -40, 94, 50, -56, -27, 36, 13]
[-72, -5, 70, -34, 35, -24, -12, 53, -78, -49, 11, 22, 57, 2, 8, -82, 59, 73, -23, -57, 31, 39, -93, 37, 47, 89, -12, -7, -41, -88, 56, 99, -29, 84, -14, -53, -44, 70, 36, -26]
[-59, -87, -5, 6, 91, 48, -38, -46, 99, 51, 0, -39, -74, -94, 15, 48, 58, -51, -99, -45, -9, 94, 1, -89, -70, 5, 70, -94, 87, -53, -15, -53, 15, -76, -75, -73, -83, 97, 84, -2]
[-70, -4, -72, -41, -38, -33, -19, 83, 67, 57, -36, -70, -74, 66, -67, 10, -91, 79, -48, -36, 26, 2, -20, 73, -20, -75, -47, -62, -14, 50, 40, 77, 2, -14, 29, -91, 51, -83, 63, 86]
[13, -66, 33, 59, 8, 14, 57, 76, -26, 94, 57, 5, 7, -39, 77, 12, 39, -37, 47, -90, -23, 8, 7, 5, -18, -75, -61, 38, 8, -13, -49, 46, 81, 63, -71, -80, -49, -24, 72, 38]
[54, 40, 9, 74, -47, 75, 50, 51, 90, 48, 81, 52, 89, 68, -86, -81, 53, -9, -3, -8, 24, -27, -8, -16, 76, 85, 14, 6, -63, 97, 69, -53, -41, 47, -39, -47, 60, 94, 19, 96]
[-1, -1, -8, -14, 56, -73, 65, -51, 0, -85, 28, 57, -21, 95, 94, 78, -83, -66, -91, -7, -72, 19, -1, -44, -15, -99, 71, -17, -40, 76, -10, -25, -10, 46, -78, 0, 56, -11, 35, 11]
[22, 62, -60, -31, 73, 43, 35, 21, 7, 69, 25, -2, 77, -38, -32, -24, 85, -24, 0, 72, -5, -24, 79, -77, 5, 82, 41, 39, 41, 35, -27, -97, -24, 27, -86, -4, -29, 73, -19, -96, -70, -24, 34, -53, -39, 19, -82, -85, 76, -45]
[37, -85, 96, -49, 54, -65, 37, -67, 21, 54, 30, 64, -35, -67, -24, 9, 25, 6, -91, -18, -66, -50, 7, -46, 98, -97, 63, 82, -65, 14, 22, -25, -81, -95, 17, 68, 70, 79, -45, 44, -89, -72, 82, -60, -72, -15, -66, -93, -17, -4]
[-94, -67, 89, 38, -68, 9, -57, 86, -45, -27, 69, -38, 42, -7, 13, -26, -55, -57, -63, 72, -52, 34, -27, 43, -29, -34, 42, -94, 55, -2, -51, -59, 29, 86, 13, 28, 87, -9, -23, 50, -1, 51, 48, 93, 73, 33, -25, 57, -83, -30]
[-39, -53, -39, 80, 1, -95, 79, -2, -37, -12, 18, 8, -27, 5, 26, -41, -19, -80, -44, -19, 62, 34, -23, 20, -52, 4, -63, -65, -86, 92, -2, 25, 53, -77, 76, -44, -16, -51, -85, 84, 9, 2, -2, 43, 49, -80, 26, -77, 60, 41]
[-50, 31, 2, -12, -58, 58, -55, -56, -52, 49, 90, 96, -90, -27, -58, 56, 95, -56, 64, 2, -35, 18, 92, 17, 51, 93, 94, 67, -70, -40, 64, -26, -35, 55, -36, 23, 32, -14, 77, -25, -53, -22, 76, -23, 75, -60, 63, -87, -83, -35]
[2, -60, 82, 82, -90, 77, -82, -69, 74, -81, 38, 99, 22, -77, -93, -82, -43, 42, 16, 48, 98, -10, -36, 5, -9, 6, -51, 74, 1, 57, -84, -71, 65, -54, -83, 64, -84, 74, 98, 26, 90, 83, 28, -39, 72, -91, -27, 20, -87, 27]
[-96, -80, -14, -78, -95, 77, 60, -99, 5, -82, -30, 60, -71, 1, -12, -10, 80, -43, 45, -30, 57, -23, 78, -37, -18, -43, 52, 82, 33, -90, -99, 28, -84, -28, 7, -81, -88, -63, 73, 10, -40, 33, 75, 23, -38, -5, -7, -7, -59, 49]
[-28, -71, -81, 81, -81, -3, -44, -60, 32, -55, 88, -78, -93, 48, 54, -66, -97, 80, -15, 16, 48, 98, -47, -48, -82, -66, -7, 2, 52, 11, -12, 18, 25, 62, -95, 49, 18, -45, 51, -51, 51, -5, -87, 26, 81, 32, 36, -67, 77, -5]
[52, -24, 97, -90, 75, 61, 22, -48, 66, 84, -7, -95, 5, -61, -55, -68, 46, 73, -87, 77, -32, -19, 8, -90, 13, 60, 63, 90, 24, -63, 76, -94, 92, -83, 76, -93, 40, 93, 4, -17, 7, -16, -81, -30, -41, 4, 65, 26, -72, 1]
[41, -32, -75, 12, -96, -18, 76, -5, -70, 27, -31, -59, 42, -85, 2, -29, -21, 97, 6, -88, 2, 81, -80, 46, 18, 3, -52, -45, -25, 23, -1, 26, -74, 4, 54, 76, -71, -15, -4, -80, 54, -57, -30, -2, -32, 43, -20, 75, -34, -42]
[-54, -7, -67, 11, 49, 40, 7, 59, 31, 44, -53, 31, 68, 48, 50, 86, 98, -66, -73, 32, 62, -65, -58, 75, 64, 7, -36, 37, 4, 40, -92, -6, 96, -47, -97, -21, -74, 53, 3, -97, 88, -56, 34, 15, -56, 45, -67, 33, 46, 59, 36, 11, -81, 80, -73, 58, 47, -11, -57, 24]
[-81, 14, 25, 74, 39, 65, 74, -53, -17, 12, -6, -2, -47, -45, 10, 45, -80, -38, 54, -58, 16, -16, 40, 22, 42, -52, 53, 84, 57, 33, 30, 24, 20, -27, -45, 88, -57, 23, 92, 23, -91, 73, -12, -17, 14, -50, -35, -81, -91, 28, 47, 56, -68, -61, 53, 28, -33, -77, 39, -38]
[-38, 26, -93, 3, -97, 49, -66, -84, 73, 82, -84, -23, -35, -62, 21, 79, 26, -71, -15, 39, -71, 42, 49, 48, 68, -39, -87, -99, 90, -67, -26, 82, -40, -79, 11, 88, -72, 73, 63, -86, 23, -2, -29, -80, -36, -51, -83, -6, 79, 12, 82, 62, 15, -31, -47, 61, 49, 72, -79, 43]
[-18, 66, 44, -74, -92, 7, 8, -60, 97, 33, 34, -28, -18, -72, 96, -9, -86, -5, -70, -15, 60, 49, -21, -98, -13, 93, 90, 36, 2, -26, 63, -76, 16, -43, 7, -8, 45, 69, 63, -56, 17, -37, 61, 34, 91, 40, -75, -4, -49, 80, 59, -67, -7, -81, 75, 90, -9, 23, 56, -71]
[60, 24, -18, -49, 80, 80, 20, 12, 44, -83, 94, 44, 81, 87, -46, -91, 73, 67, -4, 21, -49, 84, -53, 45, 92, 6, -98, -7, 27, -84, -36, -80, -31, 43, -74, 46, 71, 37, 23, 21, -26, -84, 0, 37, -32, 74, -87, 83, 79, 90, -56, -84, 10, 89, -10, -25, -42, 32, -86, -22]
[-27, 51, 82, 12, -2, 51, -81, -92, -5, -94, 71, 29, -29, 63, 0, -1, 89, 94, -74, -58, -94, 17, 16, -48, 33, -70, 69, -76, 13, -19, -80, 69, -37, 26, -80, 12, 41, -21, 25, -77, -24, -75, -62, 82, -51, 10, 73, 95, -48, 82, -5, -10, 8, 3, -70, -64, -82, 81, 36, 6]
[-80, -25, 4, -95, 20, 12, 5, 97, -80, -75, 59, -95, 51, -78, 43, -27, -71, -44, 16, -14, 70, -80, 96, 82, 97, -61, -58, -21, -98, -71, -64, -8, 23, 75, 76, -29, 58, -55, -45, 56, 39, 16, -7, -63, -88, 46, 47, 70, 96, -36, 19, -33, -24, 86, -23, 88, 42, 35, 94, 90]
[97, 44, -5, 44, -34, 37, -96, 71, 39, 51, -35, 7, 66, -11, -86, 12, -53, 85, -95, -54, -73, -87, -95, -54, -51, -75, 10, -16, 38, 60, 99, 93, 60, -83, -90, 90, -95, -58, -88, 31, -63, 40, 56, 58, 68, 72, 68, 67, -22, -68, 14, 18, 79, 58, 92, -11, -4, -48, -86, -30]
[8, 30, 46, 81, 96, 93, -90, 45, -19, -24, 31, -16, 37, 80, -81, -35, -10, 14, 49, 58, 0, -24, 35, -88, -22, -95, 40, 76, -34, -38, 18, 33, 61, -57, 92, -20, -48, 92, -11, 38, -82, 73, -34, -87, -39, 30, 19, 81, 89, 2, -98, 23, 37, 54, -69, 42, 13, 88, -13, -29]
[-27, 59, -17, -44, -20, 88, 92, 77, 47, 58, -81, -42, 25, 43, 85, 61, -37, -23, 27, 56, -44, -14, -64, 83, 95, -84, -8, -94, -86, -18, 31, 79, -97, -49, -4, -94, -62, -49, 30, -35, 30, 27, 58, -32, 3, 74, 52, 33, 31, -37, -23, 54, -81, 37, 47, -88, 86, -46, 90, 57]
[-30, -24, -64, -77, -49, -51, -23, 95, 47, 8, -18, -33, 55, -78, -19, -44, 29, -33, -84, 38, 7, -95, -79, -74, -63, 57, 25, -42, 91, -52, 65, -93, -91, 95, -77, -83, 50, -74, -82, 22, 57, -49, -22, 36, 48, -75, 78, 69, 44, 40, -15, 14, 15, -23, 25, -43, -63, -24, 92, -10, -68, -51, -65, 11, 83, -3, -68, -78, 85, 67]
[-19, 2, -42, 41, 42, -86, -71, -3, 72, -79, 5, -56, -24, 97, 10, -87, 45, 87, 46, 7, 17, -12, 75, 23, -69, -56, -59, -69, -84, -33, -84, -54, -34, -66, -83, 84, -88, 23, 22, -74, -56, 12, -41, -41, 25, 76, 54, -82, 67, -76, 6, -82, -66, -93, -58, 7, 66, 55, -19, 16, 32, 1, 42, 47, 25, 84, 30, -42, -52, 61]
[-15, 80, -26, 76, 55, -78, -65, -9, -92, 31, -87, 32, 3, 8, 31, -9, 41, -2, 54, 6, -29, 87, 25, 64, 4, -49, 62, 76, -75, -73, -87, 28, 21, 20, -69, -52, -70, 90, -12, 13, 7, -4, -39, -8, 7, 10, 3, -13, 11, -24, -1, -41, 23, 2, -12, -9, -23, -42, 74, 18, -83, -59, -8, -48, 13, 56, 92, -22, -41, 83]
[76, 36, -53, 20, 51, -21, 95, 85, 69, 23, 44, 23, 94, -42, -82, -42, -43, 21, -20, 83, 62, 90, -68, 16, 79, 25, -94, 37, -25, 48, -69, -43, -53, 83, -82, 25, 48, -49, -37, -15, 16, 55, -77, 47, 63, 57, -37, -1, -35, -34, -47, 70, 95, -80, -88, -10, -84, -45, 18, -16, -93, 82, 74, -53, 58, 11, -85, -55, 77, 38]
[-27, 8, -84, -40, -27, 45, 48, 8, -52, 63, -92, -14, -15, -37, 83, 27, -69, -96, -12, 86, 69, -29, 5, -71, 17, 1, 12, -39, 85, -99, 44, -37, 73, 69, 81, -10, 49, -77, 6, -88, -15, -4, -33, 86, 35, -83, 80, -46, -64, 28, 46, 28, 12, -24, 31, 36, -60, 44, -88, -70, 87, -78, 72, 73, 40, 72, -71, 4, -56, 72]
[46, -51, 7, 92, 95, 76, -67, 72, -1, 64, -30, -53, -32, -35, -22, -87, -24, 46, -56, -30, 3, 48, -7, -52, 15, 31, 58, 29, -54, -50, -56, -47, 95, 32, 73, -21, 22, -43, 58, 93, -21, 9, 2, 81, -92, -99, -33, 67, 66, 29, -1, -54, -96, 76, -14, 36, -53, -49, -73, -53, 90, -68, -22, -80, -34, -41, -17, -34, 77, 23]
[-58, 71, 72, -66, -58, 83, -72, 7, 17, 30, 60, 56, 6, 56, -62, 60, 24, 89, -57, -22, -38, 94, 55, -5, -94, 22, -54, 91, -31, -19, -13, -80, -79, -61, -63, -27, -72, -42, -34, -49, -51, 86, 95, -42, 55, 44, 78, -60, 38, -15, 39, -95, -12, 24, 72, 85, -86, 6, 52, 6, -85, -46, -3, -34, -27, 87, 77, 9, -83, 3]
[-67, -18, 40, 63, -39, 56, 88, -18, -97, 22, 56, -47, -38, 76, -98, 1, -20, 75, -59, -88, 75, -49, -49, -24, -42, -59, 93, 74, 12, 84, -77, -54, 73, -67, 10, -96, -41, 93, -6, -53, 26, -65, 87, -55, -95, 72, 67, -70, 20, -56, -1, 50, 1, 30, 67, -98, -73, -21, 57, -76, 91, 28, -8, 64, 94, 42, -59, 77, 3, -25]
[76, -76, -56, -1, -11, 7, -5, -30, -13, -54, 37, 32, 73, 59, -95, -90, -44, -32, 80, 37, -99, 15, 91, -89, 85, -24, -95, 87, 89, 82, -81, -85, 62, 15, 36, -61, -55, 84, -19, -13, 73, 70, -10, 20, 77, -90, -78, 64, 94, -68, 97, 0, 26, 48, -95, 96, 51, 13, -29, 31, 44, 0, 30, 16, 30, 18, -17, -37, -15, -12]
[4, 77, -32, -16, -72, 80, 6, 82, -73, -47, 89, 84, 94, -72, -59, 59, 96, 7, -55, 39, -33, 8, 21, -54, -81, 64, -55, 43, 56, 7, 56, -49, 64, 43, -10, -61, -4, -77, -25, -81, 56, -1, -33, -1, 92, 46, 64, 86, -16, -99, 95, 97, -56, -33, 81, -33, -43, -65, -68, -75, 80, 4, -33, -13, 99, -60, -59, 61, 93, -83]
[-87, 48, 79, 67, -57, 99, 39, -43, -29, 34, -70, -55, -4, 74, -62, 75, -6, 42, -31, -84, -59, 5, -19, -36, -98, -10, -89, -21, -44, -64, -14, -39, 83, 2, 25, 12, -90, -82, 96, 22, -54, -98, 46, -91, 73, 87, -45, -17, -14, 87, -13, -20, -4, -46, 19, -49, 71, -82, -81, 53, 59, -17, 97, 16, -78, -36, -79, 90, -37, 93, -86, -46, 62, 90, -20, -53, 22, 96, 63, 7]
[30, 94, -90, -11, -2, -48, 67, -75, 67, 8, 3, -86, -63, 63, 36, -98, -17, -85, -80, -10, -63, 82, 15, 97, -59, -29, 70, 46, 70, 87, -39, -4, 87, 60, -82, 45, 76, -58, 37, -64, -15, 22, 63, -71, 83, 34, -40, -56, 73, -33, -97, -76, 20, -10, -34, 36, -86, -39, 10, 30, 19, 0, 85, -17, -60, 88, 64, 74, 63, 29, -50, 0, 49, -82, -31, 39, -90, 73, -36, -11]
[5, 73, 96, -99, 83, -65, 17, 24, 72, 98, -83, 53, 55, -13, 27, -17, -42, -20, 14, 55, 13, 82, -76, 38, 39, -59, 51, -99, -14, 52, 39, -77, -53, -86, -8, 55, -19, 26, 48, 80, 22, -68, -41, 73, -84, -53, 77, -39, 7, -95, 91, -54, -25, 18, -48, -90, -25, 78, -79, 30, -38, 71, 73, 12, -88, 86, -93, 84, 65, 15, -85, 22, 85, 49, 72, -16, -75, 41, 94, -21]
[-12, -8, 81, 52, -53, 61, 60, 44, 93, -22, -88, -60, -22, 65, -17, 91, 21, 79, 13, -89, 93, -76, -44, -18, 76, -71, -93, -77, 51, -7, 69, 92, 23, -98, 53, -5, -11, 97, -19, 79, 51, 43, 63, -4, -65, -79, -22, 83, -95, -56, 78, 3, -67, -62, -33, -24, 40, 82, 16, 36, -78, -42, -78, -48, -39, 33, 77, 16, -86, -28, 41, -17, 60, -8, 91, -3, -70, -73, 33, 46]
[4, -14, 77, 87, 16, -94, 73, -67, 87, 83, 97, 51, 3, -61, -73, 95, 89, 93, -90, 57, 51, 98, -70, 5, 96, 6, -4, 78, 87, 48, -81, -79, -28, 27, 81, -90, 94, -85, 67, 92, -29, 63, -50, 56, -15, -72, 87, -59, -17, 88, 3, 65, -45, 2, -38, -64, -21, 69, -86, 59, -15, -55, 69, 4, -43, 49, -49, -37, -33, -76, -62, 87, -7, -10, -58, -11, -69, -44, 57, -75]
[42, -14, -30, -53, -69, -91, 25, -8, 85, -86, -44, 0, 2, 78, -81, -15, -37, 40, 27, 63, 82, -15, 20, -35, -13, 99, -35, 94, -12, -77, -83, -57, 34, -53, 3, 18, 82, -93, -31, -18, -3, 96, 41, -19, 78, -42, 12, -65, 7, -64, 62, 68, 74, 43, -53, -13, 91, 35, 24, 98, 44, 35, 98, -21, 95, -30, -82, 92, -78, 92, 26, 97, -16, -67, -34, 11, -34, -78, 19, -82]
[-10, 45, -18, -8, -97, -96, -57, 4, 48, -81, -31, -94, -36, 12, 44, 66, -16, -85, 78, 48, -52, 12, 9, -88, -78, 26, 46, -88, -92, -97, -6, -74, -13, 92, -31, 40, 82, -65, 81, 63, 59, 50, -77, -14, 66, 82, 21, -64, -42, 88, -95, -50, -41, -90, -20, -21, 53, 96, -67, 87, 15, -48, -38, 33, 3, 66, -1, 43, -30, -45, 16, 98, 33, 56, -52, 9, -80, 30, -70, 57]
[44, 89, -18, 23, 57, -15, 70, -60, -2, 66, -2, 51, 6, 55, 84, -46, -31, -59, -65, -2, -52, -29, 61, -5, 17, 10, 17, -31, 27, -83, 38, 44, 76, 76, -88, 60, -65, -45, -36, 45, 72, 45, -61, 62, 64, -52, -87, -44, -8, 76, 95, 40, 86, -89, 36, 22, -3, -14, 70, -64, 89, 28, 86, -29, -58, 59, -33, -21, -19, -50, -57, -36, 31, 13, 75, 87, 80, -82, -14, 28]
[87, 72, -11, 91, 92, -37, 12, 30, -38, 31, 10, 87, 56, -32, 4, -76, -77, -82, 65, -96, 86, 9, -3, -32, -35, -68, 96, 13, -5, -80, -87, 51, 24, -31, -25, 58, -17, 64, -1, 44, -89, -86, 68, -6, 14, -10, 85, 22, 3, -11, 10, -68, 21, -42, -66, -10, -22, -80, 40, 64, 19, 40, -96, 89, 13, -7, -24, 85, -48, -30, 69, 7, 31, 81, -13, -4, 0, -22, -31, 48]
[-61, 85, -17, 68, -57, -82, -45, -32, 10, -63, 73, -65, 23, 33, -68, -83, 68, -60, -74, 80, 54, 99, 21, -35, 37, -39, 27, -18, 68, -54, 39, 36, 1, -66, -34, 10, 91, 7, -95, -54, -34, -97, -65, -90, -39, 84, -59, 94, -41, -49, -93, -67, -89, -11, 12, 82, -36, 46, -71, 73, -11, -12, 1, 14, 84, -79, -23, -21, 32, 3, 98, -45, -93, 84, -98, -63, -14, 42, 32, 23]
[88, 99, 31, 97, 69, 95, 81, 16, 9, -87, 53, -38, 73, 27, 3, -89, 44, 2, 94, -32, -39, 8, 8, -13, -83, -40, 82, -92, -72, -95, 58, 25, -54, 83, 66, 28, -52, -46, -61, 33, -89, -4, 7, -37, 1, -28, -18, 90, 40, -14, 20, -44, 53, 11, -11, -58, 34, 78, -59, 14, -81, -62, 45, 18, -4, -15, 8, -56, -21, 79, -83, 21, -24, -23, 99, 12, 98, 21, 97, 28, 6, 31, -30, 47, -87, 82, 37, -46, -75, -45]
[-67, 3, 2, -3, -75, 94, -74, 57, -2, 69, -69, 45, -90, 86, -97, -93, 97, -3, -19, -54, 96, -6, 36, -96, 87, -60, -76, -63, 34, -55, 37, 65, -57, 63, -98, -84, 56, -61, -63, 11, 83, -93, 88, -36, -49, -35, 40, 38, -41, -44, -77, -39, -15, -5, -24, -20, 44, 61, -99, 30, -84, 48, 4, -3, 1, -84, -96, 30, -43, -25, -93, -93, 12, 91, -69, 29, -65, -61, 32, 87, -90, -51, 67, 41, 28, 78, -69, -14, 78, -20]
[-3, 42, 65, -67, 47, -49, -88, -17, -8, 63, -57, -90, 99, 38, -9, 58, 25, -71, -63, 29, -38, -78, -65, -75, 2, -31, -92, 62, 58, -78, 64, -16, 81, -23, -92, 43, -6, -20, 93, -66, 8, 91, -82, 83, 9, -93, -92, 93, 8, 41, -11, 92, 7, 32, -64, -69, -37, 75, -87, 88, -10, -57, -59, -21, 98, -23, 3, 87, 12, 88, 67, -39, 42, -32, -62, 48, 67, -6, -12, 98, -85, 76, 34, 79, -49, -32, -76, 12, -91, 83]
[-75, -50, 10, -74, -85, -50, 3, 69, -93, 17, 93, 70, -95, 0, 84, -3, 66, -8, -56, -22, 0, 37, 72, 29, 75, 3, 74, -9, -15, -4, 83, -34, -44, 0, 54, 3, -21, 42, -13, -47, 6, 84, -24, 66, 86, -25, 79, 18, -76, 76, -54, 34, 43, -7, 8, -57, -46, 5, -90, -72, -37, -66, -76, -29, -95, -48, 43, 96, 25, -83, 55, 21, -35, 11, -13, 57, -90, 64, -25, 54, 76, -80, -42, -64, 54, -66, -47, -61, 91, -36]
[34, -30, 12, 23, 98, 28, 70, 33, 7, -61, 95, -37, -2, -25, -88, 0, 90, 26, -75, 44, -95, -81, 47, 90, -2, -34, -70, 40, -34, -84, 62, -99, 76, 73, -87, -76, 75, -89, 79, 33, -70, 82, -5, -61, 94, 80, 19, 98, 62, 8, -87, 88, -95, 55, 62, -33, -94, 8, -6, 14, -29, 70, -97, 46, -66, 34, -20, -13, 62, 69, -79, -53, 80, 83, 43, 71, -65, -62, -29, -32, 66, 51, 60, 62, 3, -93, 75, -92, -78, 16]
[-75, -65, 6, 97, 8, -67, 73, -77, -88, -69, -84, -21, -78, -46, 56, 26, 76, -90, -57, 23, 87, -60, -53, -71, 21, -16, -27, 32, -51, 76, -98, -92, 91, -61, 61, -70, 96, -31, -63, 35, -20, 27, -50, 98, -18, 38, 68, -68, 67, 17, 1, -71, -79, 89, 53, -4, 86, -93, 55, 83, 12, 11, -92, -58, -13, -76, -28, 40, 48, 97, -36, -51, 14, -25, -59, -93, 44, -56, 1, -97, -99, 47, 89, -52, 91, -17, -55, 29, -75, 68]
[-58, -84, 18, 57, -40, 25, 16, 78, 18, 55, -83, -43, -38, -86, -92, 78, -55, -17, 35, 5, -78, 94, -47, 42, -20, -44, 87, -16, 55, 92, -96, 98, 99, 38, 26, -41, -57, 34, 54, 70, -86, -22, 34, 76, -55, -23, -2, -29, 82, -68, 18, 66, 82, -49, 9, -83, 62, 16, 36, -62, 64, -73, 77, -72, 2, 61, -5, 58, -72, -93, 26, -93, 39, 20, -64, 13, 94, -22, 60, -47, 81, 6, 82, -34, -71, 90, -93, -72, -56, -42]
[-97, 77, 28, 6, 64, 22, 19, 57, -59, -76, -60, 30, -17, 68, 19, -84, 9, 79, 28, -47, 57, 23, 4, 31, 85, 52, 75, -13, -32, 52, 30, 44, 33, -22, -22, 49, 56, -18, 67, 70, -92, 9, 33, 66, -4, -17, 56, 98, 63, -3, -91, -28, -77, 41, -87, 70, -73, -78, 44, -39, -39, 7, 5, -74, -59, -29, -43, 62, -58, 13, -38, 95, 91, -88, 20, 65, 64, 91, -15, 54, 14, -59, -79, 99, 36, 21, -93, 25, -78, -55]
[-66, 95, -21, -18, 91, 27, 9, 78, 68, -50, -36, -65, 1, 99, -64, 10, -59, -46, -12, -3, -13, 34, -44, -72, -93, 58, 78, -57, -79, 1, 73, -68, 91, -10, -63, -24, -76, 58, 20, -34, 25, -17, 62, -31, -71, -49, 61, -14, 27, 64, 31, -65, -66, -15, -72, 47, 42, 90, -98, 65, 98, -87, -9, 12, -44, -36, -52, 65, 13, -12, -56, -59, 90, 32, 38, 58, 48, -52, 61, 85, -85, -80, -17, 45, -75, -96, -87, 53, -81, -81]
[5, 55, 15, 99, -43, -49, 61, 31, 13, -45, -19, 60, -84, -90, -66, -2, 99, 46, -68, 75, -2, -34, -76, 18, 23, 0, 25, -70, 82, -57, -42, 2, -23, 57, -63, -25, -91, 93, 69, 33, -40, -70, -31, -48, 46, -97, 53, 40, -52, -60, 78, 58, -71, 72, -95, -71, -25, 87, 57, 98, 93, -52, -43, 36, -15, 68, 17, 34, 94, -43, -85, 93, 22, -8, 88, 49, -6, -6, 80, -65, -90, -37, -70, -30, 32, -28, 69, -1, 40, -34]
[-65, -86, 73, -3, 72, 23, 3, 48, -76, 12, -66, -23, 36, 42, -64, 16, 90, 41, 78, -81, 10, 0, -91, 3, -28, 28, 6, 41, 79, -5, -91, -61, -73, -50, -48, 83, 61, -48, -85, -34, 45, 0, 48, 99, -88, -42, -41, 47, 81, -14, 54, -4, -34, 42, 51, 4, 61, 47, -45, 67, -14, -51, 38, 29, -44, 24, -38, -42, 38, 50, 27, -7, 49, 79, -37, 57, 94, -41, -35, -98, -19, 3, -10, 2, 53, -11, 46, 66, 38, 87, 46, 6, 27, 0, -4, -18, 61, 24, 12, -76]
[-6, 4, 29, -55, -97, 72, 64, 56, -15, 82, -68, 80, -89, 50, -63, 15, -58, -2, 69, 24, 88, 18, -32, 72, -94, -99, 46, 39, 62, -92, -12, -43, 7, -13, -70, 92, 55, 27, 36, 27, 83, 87, -4, -58, -86, -6, -82, 5, -56, 11, 41, 83, -23, -43, -58, -37, 51, -96, 34, 16, 33, 76, -1, -14, -55, -20, 93, 6, 37, -16, -64, -88, 55, 71, -86, 66, 30, 27, 4, -68, -88, -75, -13, -42, -10, 35, 24, 75, -24, 83, 60, 49, -13, -4, -5, 39, 15, 89, 30, -16]
[-91, -1, -26, 94, 43, -9, -81, -35, 73, -21, -31, 21, -50, 36, 95, -24, -96, -94, 23, -40, -89, 29, -27, -97, 95, -74, 95, 18, 0, 54, -85, -67, -4, 33, -62, 67, -43, -16, 69, -63, 26, -85, 35, -82, 77, 85, 15, -28, -96, 56, 13, 53, -68, -54, -6, 13, -98, 58, 32, -34, 90, -52, -85, -50, 87, 45, 50, 67, -7, -50, -90, -71, 31, 56, 22, -19, -74, -66, -39, -8, 75, 28, -2, 64, -21, -18, 69, 16, -17, -58, -56, 50, -20, 66, -47, 15, -59, -51, 5, 28]
[64, 62, -78, -8, 31, -15, -51, -26, 2, -40, -85, -41, 55, -94, -37, -57, -80, 23, -4, 24, -15, 48, -97, 43, -10, -93, 51, -48, -59, -96, -77, 36, -88, 25, -73, -43, -31, 13, -55, -67, -44, 49, -14, -96, 87, 29, 14, 50, -58, -6, -85, -62, 4, 11, -1, -41, 33, 60, -22, 86, 64, -72, -62, -67, -17, -10, 94, -65, -29, -8, 61, 2, 89, 82, -82, -33, 63, 92, -50, 64, 2, 66, 91, 26, -45, -33, -51, 29, -47, 66, -4, 43, -54, -93, 8, 64, 84, -70, -90, -46]
[99, -12, -56, -87, 35, 75, 0, 50, -44, -96, -34, 19, -23, -82, -68, 86, -43, -71, 4, -9, -44, 45, 1, -25, 25, 26, 74, 68, -50, 4, -3, 48, -17, 87, 36, 67, 8, 87, -42, -95, 12, -95, 78, -18, 22, 13, 94, -14, -5, 99, -69, -91, -66, -38, 76, 53, -16, -59, -41, -13, 99, -77, 96, 25, -29, 23, -68, -31, 76, -26, 69, -49, 23, -90, 98, -17, -9, -95, 36, 45, -25, -84, 81, 80, -33, 80, -23, -30, 88, 12, 46, 50, 33, 90, 98, 9, 55, 21, 29, -54]
[-21, -10, 37, -16, 30, 49, 55, 2, -65, -55, -93, 91, 30, -48, 6, -8, 59, 24, 26, -44, 53, -80, -69, 89, -37, 99, -33, -19, 36, 88, -14, -80, -16, -55, -47, 74, 85, 82, -56, 86, 33, -81, 56, 43, -87, 96, 19, 6, 19, -84, 41, -43, 12, 30, -78, 22, -8, -44, 67, 5, -85, -81, 74, -65, -62, -54, 52, 80, 83, 90, 94, -57, -96, 7, 49, -9, 87, 95, -6, -89, -65, -84, 13, -6, 84, -22, -4, 31, -65, 40, -7, 75, 85, 45, 16, -61, -39, 77, 47, 77]
[14, 1, -64, -27, 18, 15, -68, 80, -34, 94, 67, 16, -49, -57, -16, -55, -79, 11, -20, -68, 18, 95, -45, 19, 11, 88, -69, -38, 90, -79, -83, -83, 44, -85, 97, 6, -2, 3, 24, -65, 93, 91, 16, 66, 86, -26, 9, -55, 66, 51, 36, 74, 60, -29, 67, -3, -24, -53, -2, -71, -37, 94, -79, -73, 45, -70, -30, -39, 9, -58, -14, 18, 36, -44, -83, 7, 93, 31, 36, 25, -19, 24, -31, -84, -18, 43, -71, -6, 65, -53, -12, -68, -3, -47, 66, 90, -78, 94, 70, -54]
[97, -97, 89, -1, 54, -71, -54, 37, -57, 54, -87, 52, -11, -33, 15, 10, 77, -98, 49, 39, -89, 51, -4, 18, -76, 32, -27, 74, -50, 60, -91, -6, -13, -79, -14, -57, 57, 52, 8, 91, -79, -52, 98, -58, 78, 36, 32, -73, -96, -22, -1, 40, -66, -5, -14, -84, 99, 81, 57, 93, 26, 11, 82, -70, 3, 12, 35, -42, -17, 0, 13, 18, -28, -52, 97, -98, -21, -4, 70, -55, -50, -38, -14, 66, 20, -98, -79, -24, 3, 42, 0, -97, 87, -38, 31, -36, 70, 28, 13, -71]
[60, -53, -46, -99, 26, 18, 89, 44, 81, -75, 4, -89, -28, 34, -22, 69, -67, -3, -7, 72, 56, 84, 46, -43, 1, -72, 23, -46, 52, 99, -13, 35, -86, 83, 1, -90, 68, 72, -22, 15, -25, -99, -13, 85, -7, 56, 69, 27, -53, 62, -73, 63, -29, -61, -66, 73, 67, -75, -77, 96, -20, -86, 41, -28, 66, 45, -97, -10, 53, -5, -23, -60, -64, -49, 60, -69, 75, -83, -83, -97, 57, -54, -25, -80, -46, 72, 7, 31, 85, 47, -84, 37, 92, 99, 76, -77, 73, -79, 43, -21]
[63, 2, 28, -20, -90, -44, -83, -57, -32, 40, 94, 73, -45, 82, -51, 92, 69, -24, -58, 77, -1, 2, -73, -59, -3, -61, 66, -17, 59, 81, 67, 81, -51, -74, 2, 80, -31, -22, -14, -14, 96, -84, -76, 59, 59, -32, 29, -87, -24, -1, -45, 86, -99, 71, -73, 92, -76, 59, -40, 82, -48, 98, -72, -92, 88, 5, -53, -1, -18, -11, 83, 87, -43, -2, 98, -85, 58, -85, -7, 2, -90, -40, -3, 31, 94, -58, 98, 58, 92, 2, -15, -20, 74, -18, 99, 13, -93, -75, -84, 13]
