[-87, -66, 85, 38, 92, -98, -30, 61, -89, 80]
[-39, -7, 73, -24, 72, -99, -49, 67, -19, -6]
[-82, 3, 90, -60, 84, 34, -69, -75, 91, -77]
[74, 81, -96, -95, 8, -84, -91, -98, 19, 65]
[-20, 11, 14, -30, -88, -15, -91, -45, -16, -61]
[34, -12, 16, -4, -35, -99, -83, -13, -20, 3]
[70, -2, 86, -3, 33, -54, -73, 93, -41, 58]
[-38, 74, 13, -3, 1, 27, -37, -24, -41, 90]
[-92, 8, 88, 65, -39, -16, -31, 15, 47, -83]
[-13, 3, 0, -68, 3, 74, -66, -56, -7, 83]
[-94, 48, -33, 21, -40, -11, 81, 15, -22, 39, -20, -21, 95, -64, -58, -13, -6, -54, 88, 7]
[1, -22, -73, 89, -57, 62, -45, 38, -23, -66, 42, 97, -92, 85, -68, -13, -73, -13, -48, 2]
[-45, 70, 8, -7, 36, 56, 17, -90, 93, 14, 15, -70, 57, 2, 84, -35, -13, -9, -67, 50]
[-13, 44, 35, -71, 10, -63, 57, 10, -7, 49, -53, 0, 24, 40, 16, 44, -58, -22, 10, -16]
[48, 52, 41, -28, -2, -19, 92, -81, -58, -43, -99, 21, 50, -54, -52, -12, -12, -71, -27, 39]
[71, 72, 75, -96, -19, 29, -22, -74, 43, 82, 60, 30, -70, 29, -40, 90, -18, 97, -71, -59]
[2, 51, 50, 95, -43, -72, -76, 13, 39, 58, 73, -41, -91, -1, -99, -43, -71, 57, -80, -9]
[-40, -79, 10, 57, -3, -21, 90, -51, -68, 92, -93, 75, -8, -14, 27, -2, -56, 39, 2, 72]
[-33, -95, 62, 37, -66, -44, -22, 75, 77, -28, -16, -31, 8, -41, 19, 59, 91, 47, -83, 0]
[75, 22, -6, -25, -92, 43, 80, -21, -68, -17, -97, 6, -62, 80, -62, 64, -36, 9, -1, 35]
[13, 86, 48, 87, 23, -11, -32, 88, -23, -26, 75, -63, -59, -99, 40, 84, -71, 91, -35, 30, -32, -81, -74, -21, 68, -58, -44, 54, -62, 35]
[-11, 81, 94, 54, 18, 9, 24, 72, -39, -76, 8, -63, 31, 82, 79, 36, 92, -61, 91, 29, 8, 12, 76, -57, 42, -76, 3, -85, -57, 55]
[37, -52, -17, -31, -59, -8, -8, -14, -10, -21, 96, 52, 21, -72, -40, -67, -41, 63, 35, -89, -17, -40, -35, 50, -64, -23, -36, -68, -42, -26]
[89, -28, -67, -55, 46, -55, 98, -30, 28, -82, 37, 34, 41, 61, 37, -17, 57, -1, -65, -34, 78, -63, 87, -35, 77, -32, -4, -19, 32, 53]
[-36, -91, 4, -63, 44, -10, -68, -92, -31, 39, 11, -73, 80, 31, -62, 85, 32, -92, -5, 92, -62, 98, -19, -94, -99, -54, -9, -36, 75, -22]
[-35, 67, 70, 86, -45, -91, 31, -98, -27, 11, -71, -44, 47, -5, 90, -7, 6, 60, -79, 71, 99, 54, 16, -46, -73, 55, 39, 96, -41, 75]
[-34, 49, -36, -61, 16, -32, 32, -21, 56, -7, 38, -45, -98, -22, -82, 68, -72, -99, -19, -17, -99, -89, 85, 77, 31, 62, -76, 41, 45, 37]
[-20, -56, -76, 55, -10, 47, 9, 43, -72, 11, 40, -88, -32, -4, -69, 48, -91, 79, 19, -41, 78, 16, 36, -75, -70, -3, -8, 37, 45, -74]
[-92, 14, -84, 66, 36, -82, -93, 84, 84, 32, -85, -44, -75, 60, 51, -66, 15, 26, 73, -18, 95, -74, 45, 24, 91, 38, 39, 43, -10, 79]
[74, -16, -96, 84, -14, 0, -59, 65, -91, 54, 4, 67, -70, -42, 30, -61, -47, 87, 77, 84, 60, 39, 95, -13, 72, -13, 76, 53, 59, -38]
[-98, -68, 94, 78, 90, -98, 27, 3, 43, -99, -33, -32, 34, -36, 75, 69, -75, -16, 16, -50, -79, 65, -37, 33, -13, -67, -58, -3, 43, -97, 98, 92, -82, -84, 79, -46, -47, 43, 16, 78]
[-66, -5, 75, 17, -96, -53, -76, -84, -47, -23, 52, -96, 69, 76, -75, -40, -99, 86, -41, 62, -84, 56, -4, 73, -29, 34, 40, -93, -88, -54, 67, -82, -29, 33, 0, 22, 21, 7, 93, -25]
[74, 71, -97, 20, 76, 69, -27, -19, 76, -53, 37, 70, -10, 57, 83, -61, -84, 38, 39, 95, -93, 77, -96, 92, -43, -92, 74, -22, -94, 1, -91, 66, -77, 3, -76, -14, 98, 62, -60, -53]
[-88, 80, -72, 42, -30, 1, -18, 72, 97, 42, -99, 54, -32, 99, 7, 13, -1, -3, 12, 35, 84, 3, 23, -13, 37, 8, 2, 96, 23, -81, -18, -44, 12, -48, -74, 86, 41, -61, -26, -63]
[-63, -11, 49, 65, 46, -60, 55, 94, -3, 0, 30, 38, 42, 30, -72, -68, 37, -37, -5, 88, -90, 68, 41, 49, 19, -26, 38, 68, 26, -73, -39, -40, -21, -46, -92, 49, -40, 66, -34, 87]
[38, 88, 20, 65, -40, -24, -30, 49, 7, 66, 56, -74, -78, 41, 92, -6, 35, -60, 55, -53, 38, 28, 2, 7, -97, -62, -79, -87, 15, -22, -70, 23, 54, 73, 38, 6, -28, -17, 54, -99]
[-41, -16, 95, -93, -28, -55, -88, 41, -87, -96, -82, 15, 44, -43, -42, -87, -56, -11, 83, 24, -4, 25, -84, 70, 49, -40, -89, 40, -23, 21, -44, -84, -34, -24, -84, -98, -23, -71, 30, -5]
[-67, 99, 17, 51, 26, -28, 94, 26, 11, -61, -96, -41, -87, -36, 9, 23, -66, 86, -84, 93, 59, 50, -43, -6, -17, -79, 97, 33, -73, 28, 7, -74, -1, -75, -38, -78, -45, 38, 42, -94]
[42, -47, 98, 11, 38, 3, -82, -9, -50, -2, -35, -51, -89, 77, 43, 14, 68, 59, 29, 76, 14, -57, 8, -94, -51, 53, -67, 3, -13, -88, -27, -24, -92, 35, 1, -42, 49, -32, -71, 75]
[-96, 14, -52, 8, -1, 19, -11, -3, -43, 50, 42, 50, -60, -50, -24, -75, 5, 73, 70, 70, -53, 15, -60, -85, -7, 68, -56, -76, 46, 72, -45, -14, 24, 35, 98, -1, 64, -19, 72, 25]
[37, 78, -64, 97, -52, 55, -78, 96, 29, 55, -52, 28, -74, 16, -65, 60, -79, 96, -27, 41, -80, -99, 25, 91, -53, -76, -97, 27, 98, -72, -22, 61, 40, -9, -90, -76, -9, -60, 48, -28, -95, 12, -73, 41, 88, -76, -54, -39, -23, -95]
[77, 83, -83, 73, -85, -93, -69, 95, -20, 91, -16, 34, 27, -32, 31, -28, -92, -36, -3, 55, 32, 7, 66, -75, -43, 45, -2, -40, -43, 28, 78, 87, -12, 17, -8, 89, 65, -54, 92, -81, -19, -43, 54, -29, 94, -31, 66, -60, -49, 83]
[-82, -70, 25, -4, 21, -45, -33, 85, 58, 99, -64, 42, -36, 2, -44, 41, -42, 10, -56, 9, 11, 83, -61, -96, -75, 79, 70, 85, -39, 25, 56, 48, 19, -19, -35, 14, 25, -30, -39, -22, -35, 4, -81, -75, 47, 34, 24, 86, -35, -95]
[-70, 87, 79, 80, 5, 4, -92, -60, 40, -12, 38, -46, -7, -60, -20, -29, -86, 57, 97, -25, -52, -81, -9, -8, 21, 73, 77, 33, -94, 78, -88, -73, -39, -7, 63, -92, -6, -25, 59, -26, 40, -44, -32, -49, 18, 56, 65, 89, 75, 76]
[-34, 11, 88, 42, 41, -99, -48, 98, 10, 6, 85, 78, -94, 7, -68, 79, 38, -77, 61, 40, 32, -50, -99, 36, 41, -45, 60, 54, -62, 62, -38, -43, -1, -89, 84, -42, -61, 29, 33, 76, 68, -16, 84, 89, 70, 88, -80, -29, -90, -46]
[-42, 87, -62, 15, -48, 95, 56, 90, 65, -38, 73, -83, 32, -55, 38, -95, -66, -9, -24, -76, 75, -29, 22, -50, 86, 71, -79, 34, -67, 57, 96, -79, 42, 8, -92, -70, -41, -14, -58, -91, 5, 36, 44, -23, -11, -22, 7, 48, 89, 3]
[-29, -45, -82, -83, -74, 61, -19, 48, -87, 17, -37, 2, 80, 61, -65, 88, 81, -45, 9, 10, -39, -23, -26, 87, 43, 68, -85, 81, 90, 36, 83, 6, -35, -7, 64, 52, -59, -78, 49, 73, -63, 57, 21, -75, 45, -92, -9, 67, -53, -45]
[-66, 45, -12, -19, -79, -85, 42, -16, -80, -85, -63, -3, 17, -7, -98, -13, -80, -98, -38, 2, -94, 67, 82, 44, -58, 31, -11, -38, -15, 56, 27, 34, -38, 65, 59, -91, -74, -56, 7, 16, -55, -32, 81, 61, -65, 75, -74, -89, -81, 59]
[32, -94, 35, 70, -76, -39, -27, -8, -68, -50, 94, -58, 71, 31, 22, -1, -63, -40, -85, -21, -27, -85, -92, -99, -66, 5, 56, -91, 16, -21, 83, -35, -31, 10, 70, 35, 33, 88, 93, 40, 85, 27, 18, 24, -35, 69, 59, -35, 48, -45]
[-50, 72, 93, -81, -55, 76, 16, 70, -63, -57, -50, 76, 76, -54, -47, -80, 13, -80, 54, 48, -78, -89, 63, -48, -19, 17, -53, 52, 93, -18, 91, -75, 23, -1, 67, 0, 17, 55, 82, -51, -29, 26, 61, -28, 81, -67, 46, 70, -23, 27]
[65, 99, -86, 23, 86, 12, -81, -25, -31, -96, -90, -51, -6, 33, 14, 0, 76, 29, -15, 63, 98, -29, -24, 43, 50, -12, -45, 25, -29, 58, -45, 44, 74, -93, 11, -38, 48, 17, -38, -11, -53, 68, -75, -34, 43, -91, 63, -76, -42, 58, 82, 0, 22, -51, -22, 87, 4, 37, 73, 40]
[-84, 56, -8, 86, -62, 84, -30, -35, 86, 1, -77, 22, -21, 82, 12, 75, -21, 92, 35, -70, 2, -59, -5, -67, -77, -65, -17, 47, -3, 57, -29, 57, -29, 47, -17, 13, 34, 44, -95, 75, -35, 92, 41, -54, 7, -41, -9, -6, 99, -74, 19, 83, -92, 77, 97, -20, 39, -24, 24, 67]
[97, 18, 57, 96, -68, -31, -4, 11, -6, -31, -18, -15, -48, 74, 79, 28, 80, 84, 25, 14, 54, -11, 28, -99, -43, -91, -74, -83, -25, 98, -18, 36, 13, -77, 70, -29, -67, -59, -96, -65, -3, 86, -24, 16, 40, 87, 23, 25, 99, 45, 46, -49, 62, 61, -28, -82, 3, -39, -45, -22]
[-5, 31, -52, -34, -11, 13, -70, 47, -71, -92, -38, 65, -51, -59, 3, 58, 53, 4, -35, -93, 14, -75, -30, 23, -58, -89, -84, -62, 92, -3, -48, 50, -11, 9, -84, 35, -32, 64, -50, -3, 41, 43, 43, -16, 82, 51, -11, -3, 7, -34, -26, -73, 22, -90, -69, -52, 79, -20, -11, -45]
[-25, 96, 72, 53, 95, 29, -5, -82, -36, -81, 61, 53, 28, -62, 50, -24, -10, 82, -58, 7, 47, 74, 73, -19, -14, -42, 30, -57, -18, 32, 16, 11, -34, -28, -63, -51, 59, -8, -51, 57, -68, -79, -66, 45, -80, -11, -61, -58, 29, 28, -27, -80, -51, -69, -78, -56, -4, -45, -89, 40]
[-90, -15, -86, 69, 89, -46, 19, -75, -15, -73, -56, -58, 42, -93, 63, 30, 42, -89, -98, 4, 43, 27, -72, -79, 95, 17, -31, 43, -19, 70, -76, 45, -16, -75, 51, -76, 29, -24, 47, 1, -65, 27, -78, 86, -20, -82, -9, -75, 78, 86, 16, -90, -3, 66, 66, 73, 7, 90, -6, -97]
[38, 94, 71, -69, 21, 30, 50, 30, -47, 69, 13, 73, -83, -25, -58, 66, -75, 80, -24, -98, -14, 61, -81, -82, -62, 68, -39, 30, 38, 82, 52, 10, 79, -6, -56, 98, 25, -48, 84, 8, 87, -30, 31, 93, 91, -78, 85, 22, 6, -76, -56, -75, -89, 52, -29, -23, -35, 3, 89, 7]
[-60, -2, -60, -90, -70, 81, -74, -44, 16, -15, -57, 84, 93, -6, 73, -35, 66, -55, 47, -56, -25, 61, 23, 71, -82, 70, 81, 70, 39, -54, -23, 21, 36, -26, 16, 16, 49, 2, 15, -89, 31, -49, 60, -27, -69, -90, -50, 32, -53, 70, 23, -23, 74, -56, 75, 45, 63, 73, 90, 7]
[62, -72, -10, 76, -56, -80, 8, -11, 99, -6, -5, 65, -79, -66, 54, 29, -41, 61, 54, 30, 53, -96, 60, -4, 38, 19, 20, -91, 58, 73, 55, 73, 58, 29, 85, 45, 53, 50, 13, -78, 86, 74, 16, -86, 15, -39, 63, 17, -58, -41, 96, 42, -5, 14, 94, 33, 1, -82, 37, 54]
[-58, -68, -2, -17, -30, 0, -65, 95, -52, 74, 23, 94, -48, 37, 48, 50, -91, 56, 47, 41, -27, 64, 1, 14, -78, 13, 80, -93, -13, -63, 13, -15, -7, -99, -43, 61, 78, 39, -5, -16, 3, 98, -24, -88, -15, -1, -87, 52, 61, -71, -79, -24, 40, -32, 67, -63, 21, 0, -45, -58]
[-25, 37, 88, 59, -61, 62, 98, -62, 86, 87, -11, 54, -60, -38, 9, -3, -91, -48, -59, 0, 83, 35, -88, -63, -49, 14, -2, -23, 53, -35, 37, 85, 94, -89, 1, 21, 30, 47, 65, 90, 82, 87, 88, -40, -90, -96, -61, 84, -42, -53, -27, 91, -27, -66, -99, -64, -12, -37, 73, 59, 54, 26, 68, 85, -10, 45, -52, -22, 57, 99]
[-26, 48, -17, -78, -93, -65, -9, -36, -60, -44, 4, 20, 44, 94, 47, -88, -65, 90, -15, 12, 0, 89, 95, 54, -2, -8, 92, -97, 84, -69, 34, 54, -4, 34, 24, 8, -61, -16, 27, 3, 61, 72, -79, -22, 10, 78, -27, 72, 4, 56, 42, -83, -23, -18, 7, -16, 81, -21, -60, -94, -2, -21, -4, -99, 21, -31, 18, -89, -9, 16]
[-37, 10, -87, -47, 64, 93, 95, -60, -78, 85, -56, 53, 72, -4, -32, -6, -61, -25, -74, 63, -12, -42, -73, -21, -84, -84, 36, 82, 47, 73, 63, -57, -43, -49, 96, 29, -87, -98, 80, 70, 74, -46, -19, 15, -59, 68, 68, -85, -1, -24, -72, 95, 3, -8, 16, -46, 24, 55, 4, 15, -39, 4, -74, 1, 59, 66, -87, 70, 89, 70]
[49, -60, 48, -7, 13, -16, 64, -17, -59, -14, -12, -61, -67, -55, -57, 61, 10, -85, -18, -85, 51, -64, 38, 78, -71, -6, 23, -26, -79, 50, 99, -28, 45, 48, 36, -37, 83, -78, -21, 92, -69, 1, -69, 50, -74, -6, -78, 54, -48, -11, -30, 21, 64, -34, -95, 39, -46, -60, 4, -69, -50, 82, -83, -37, 86, 65, 20, -32, 24, 94]
[9, 81, 9, 41, 36, 46, 89, 47, -64, 89, 2, 93, -41, -98, 10, 34, 12, 71, -6, 98, -40, -6, 15, -80, -14, -3, -5, -60, -42, -5, 58, -79, -20, -84, 43, -31, 82, -53, -58, -14, 43, 32, -36, 94, 58, 14, 21, 24, -52, -66, 6, 50, -46, 44, 71, 75, -30, -92, -59, -94, -37, 49, -66, 36, -82, 25, -77, 7, 51, 2]
[-70, -23, -85, -59, -74, -29, -14, 94, 10, -52, 21, 48, 55, 26, -48, 42, 40, -6, 2, 70, 86, -44, -22, 5, 30, 54, -51, -20, -90, 25, -1, -44, 27, 48, 93, -69, -38, -34, -60, 86, -11, -44, -10, 23, -77, -80, 70, -84, 3, 70, 15, -85, -19, -12, -1, 10, 88, 94, -18, 62, -37, 43, 87, 4, 23, -20, -16, 98, 14, -50]
[67, -22, -58, 14, -34, -84, -32, 9, -7, 43, -38, 88, -97, 53, -60, -56, 85, 28, -45, 24, -30, 96, 27, -44, -97, 43, -78, 11, 73, -7, -27, -6, 78, -24, 47, 50, 18, 41, 62, 48, -30, -89, -80, -61, -42, 31, 77, 51, -15, -22, -88, 75, 41, -14, -72, 70, 1, 70, -48, 68, 3, 37, 97, -77, 64, -36, -6, 52, 10, 21]
[-77, 46, -32, -23, 0, -91, -31, 52, -90, -65, -42, 59, 54, -9, -20, -59, 44, -3, -59, -91, 43, -96, -32, -77, 16, 24, -90, 96, -80, -45, -3, -51, 25, -90, -27, 40, 30, 70, -19, 10, 70, -91, 76, 20, 49, 92, -84, 16, -18, 0, -65, -80, 99, 11, 3, -91, 66, -97, 59, -28, -54, 15, -36, -40, 0, -7, 30, -72, -1, 29]
[-27, -70, 27, 96, -49, -43, -38, -31, 17, 39, -53, 17, -68, 44, -11, 22, 55, 95, -72, 81, -58, -74, -90, 61, -7, 24, -10, 90, -69, -79, -47, -34, 91, -41, 63, -63, 94, 41, -15, 75, -77, 34, -44, 98, 85, -93, 35, 3, -40, -99, 21, -26, 30, -74, -69, -2, 34, 49, 93, 76, -38, 21, -35, -15, 13, -56, -64, -45, -53, -98]
[-35, 70, -43, -54, 85, -30, -75, 88, 15, -50, -41, 15, 83, -23, -59, 54, -97, 88, -68, -67, 85, -62, 63, -66, -98, 30, 85, -74, -69, -85, -29, -93, -35, -88, 69, 68, -11, -70, 5, 48, 50, -81, -18, -97, 30, -57, 40, -47, -26, 55, 14, 9, 19, 89, -9, 44, -62, 2, 97, -69, -26, -7, -69, 71, 21, 69, -54, -91, 85, 80]
[39, 43, 58, 19, -50, -7, -81, 44, 24, 45, -36, 97, 66, 47, 8, 45, 98, 44, 61, 88, 43, 42, -48, -22, 34, 18, 11, -57, -18, 88, -12, 31, -41, -85, -73, 45, 94, 50, -86, -40, -85, 75, 17, -43, -5, 82, 4, 74, 66, 1, -63, -96, -60, 67, 17, 28, -70, 97, 65, 4, 53, -38, 16, 56, -8, -5, 10, 27, -16, -47, 71, -4, 47, -59, 69, 3, 54, -51, -77, -11]
[2, -86, -30, 41, 3, -29, 98, -94, 19, 35, -89, 52, -6, -54, 27, -97, -9, 89, -22, -77, -70, 61, -45, 96, 60, -12, -47, -30, 90, -45, 12, -22, -67, 37, -72, -43, 16, 48, 51, 5, 94, 82, -96, 1, 31, -14, 81, -42, 7, 61, 95, 28, 8, -16, -19, -30, 14, -49, -17, -34, 61, 46, -52, -91, 22, 25, -44, 49, 89, 48, -13, -64, 30, 98, 63, -9, 15, 71, 18, -68]
[-46, 74, 53, 45, -87, -24, 7, -40, 19, -35, 71, 33, 72, 13, 61, 96, 78, -16, 72, 2, 93, -73, -97, -5, 81, -23, -88, 97, 53, 29, -27, -7, 38, 96, -33, 28, -98, -61, 9, -12, 34, -2, 32, 41, -49, -8, -56, -47, -9, -38, -86, 42, 75, 47, 33, 91, 55, -19, -87, -92, -77, 56, 27, 66, 58, -73, 40, -80, -88, -43, -63, -96, -67, 3, 20, -64, -56, -20, 65, -40]
[-40, 46, 73, -99, -24, -7, 23, 94, -12, -75, -33, 5, -78, -85, -10, -68, 37, 46, -59, 19, -74, -69, -58, -60, 34, -9, -13, -75, 35, -31, 52, 70, 47, -6, -11, 88, -16, 74, -36, -69, -89, 12, -80, 1, -81, -59, -84, 33, 89, -59, -34, 15, 46, 66, 29, 21, -91, 17, 38, 58, 98, -85, -26, 19, 50, -83, 52, -51, 21, -79, -29, 53, -73, -84, -35, -60, 38, 72, 66, -97]
[-74, -49, 80, 40, 24, 20, -11, -60, 90, -94, -57, -79, 14, -57, 91, -11, -18, 6, 90, -13, -57, -23, 62, 14, -72, -67, 2, 44, -89, -12, 45, -52, -29, 37, -35, -69, 28, -65, 54, -85, -91, 85, 10, -36, -18, -52, 48, 42, 21, -68, 65, 4, -95, 53, 31, -27, 37, 75, -54, -8, 92, 56, 33, 51, 40, -84, 32, -86, 71, -61, 38, 16, -82, 85, -97, 40, -20, -86, -17, 65]
[-59, -94, -18, 36, 50, -93, -88, -9, -47, 17, -14, 56, -24, 44, -54, -1, 95, 6, -57, -96, -88, 71, -25, -24, 49, -56, 18, 73, -96, -83, 81, -15, -89, -20, -44, -59, -88, -77, 88, -59, 9, 63, -82, 17, -57, 10, -61, 81, -64, 27, 92, 30, -92, 27, 4, -43, -2, -82, -79, -77, 9, -12, 81, -44, -50, 68, -89, 24, -67, 55, -10, -72, -62, 69, -86, 94, 29, -69, 50, -17]
[34, 64, 4, -70, 60, 29, 47, -98, -38, 50, -56, -30, 88, 52, -10, -43, -95, 11, -86, -72, 99, 52, 64, 13, -63, -82, -1, -17, -72, -22, -29, 70, -35, -27, 30, -19, 71, -37, -89, 24, 64, 26, 8, 66, 77, -98, 26, 69, 58, 34, 60, -6, 62, 65, 1, -82, 0, -34, 49, 54, -11, -68, -16, -49, -78, 24, 88, -5, 1, 94, 29, 39, -80, -98, 70, 6, -26, -76, 32, 90]
[64, -86, -95, 88, 32, -16, 55, 21, -18, 3, 66, 8, -60, -82, -14, -41, 44, 82, -28, 45, -99, -4, 79, 17, 6, -16, -28, 48, 33, -16, -11, 76, 92, -89, 60, 84, 41, -48, -58, -43, 40, -3, -48, 98, 61, 34, 45, -51, -75, 23, -40, 94, -1, -95, -9, 18, -8, -80, -75, -20, 87, 37, 20, 4, -23, 27, 11, -46, 83, 94, 44, -44, -70, 30, 11, -28, 95, 70, 35, 42]
[46, 77, 97, -8, 51, 82, 91, -87, 57, -70, -75, -42, -46, -6, 42, 73, 71, -12, -85, -96, 5, 36, 85, 44, -19, 36, 61, -65, -24, 37, -45, 89, -88, 59, 53, -43, -9, -99, 18, 89, -10, -71, -50, -76, -4, -82, 62, -55, 41, -34, -78, 65, -54, -59, -40, -2, -49, -63, 44, -80, 76, -2, 4, -88, 79, -58, 13, -84, -75, 43, -69, 56, -40, 76, 30, -85, -86, 2, -20, -98]
[-96, -91, -90, -33, -33, 87, 64, -92, 4, 27, -96, 88, 80, 48, -53, -9, -69, 84, 84, 37, -24, -39, -78, 98, 64, 10, -36, 8, 94, 74, -74, -14, 58, -50, 9, 98, 25, 5, 61, 43, 26, 46, 38, -26, -14, 87, -73, -1, 58, 20, 35, -96, -35, 3, -29, -5, 95, 17, -72, 6, -36, -96, 93, -78, -97, 41, 55, -51, 17, -18, -25, -30, -2, 3, -47, -60, 57, -87, 90, 91]
[-59, -73, 61, 22, -73, -20, -79, 49, -29, 87, -26, -61, -81, -35, 42, -95, 65, 56, 71, -16, -24, 85, 45, 49, 11, -98, -33, 49, -83, 39, -85, -92, 91, 44, 23, 1, 30, 28, -22, -47, -56, 51, -48, 65, 20, 22, -31, -68, -55, 33, 23, 80, -27, 91, -43, -30, -8, 58, 54, -42, -15, 84, -10, -5, -39, 29, 4, -85, 85, -47, -48, -22, 54, -45, 40, -82, 96, 17, 26, -6, -52, 98, 12, 81, 7, 96, 43, -68, 19, 92]
[-39, -71, 16, -9, -95, 27, -9, -29, -99, -79, 31, -98, -63, -24, -83, 32, 42, -98, 93, 87, -95, -19, 73, 34, 92, 12, -21, -59, -37, -95, 8, 0, 52, 60, 72, 24, 80, -65, -52, -19, -34, -30, -29, 95, -79, 39, -14, 35, -3, 71, 42, -50, -14, -82, 17, 95, -15, -95, -35, 36, 79, 71, 98, -7, 54, 83, -86, -20, 42, -96, 69, -40, 46, -99, 66, -28, 88, 55, -87, -22, -98, 96, 17, 14, -36, -81, -96, 0, 75, 74]
[91, -2, -80, 63, -92, -22, -20, -89, -86, 88, 97, 42, -7, 35, -14, -98, -56, -27, -21, -17, 86, 61, -21, -76, 56, -85, 62, -20, 54, 67, 60, 84, -61, -71, -59, 18, -11, -9, 37, 52, -81, 48, 35, -85, -1, -64, -8, -99, -87, 90, -2, 91, 4, 22, 18, 58, -18, 22, 54, -4, -32, -56, -62, -30, -55, -15, -40, -96, 84, -78, -14, -25, -61, 10, -26, 9, -95, -20, -72, -80, -48, -78, -58, 71, 62, 66, -74, -76, 65, -24]
[61, -67, -72, -73, -56, 62, 54, -25, 33, 46, -63, -36, -64, 84, 14, -14, 94, 65, 78, 72, -99, 82, 87, 11, -53, -76, 1, 50, 42, -66, 24, 56, 59, -89, 35, 64, 67, -81, 84, -4, 47, 91, 39, 73, 51, 43, -65, -20, 94, 6, -83, -18, -76, -63, -3, 21, 74, -35, 23, 68, -29, -68, -77, 35, -32, -99, 39, 93, -71, -80, 10, -85, -96, -20, 16, 31, -85, 97, -60, 93, 23, 47, 55, 4, 62, 72, 68, 74, 9, 7]
[-45, -92, 24, 48, 6, 69, -9, -77, 74, 85, -30, -5, -86, 14, 66, 15, 34, 28, -23, -79, 80, 6, 92, 61, -80, 5, -54, -22, 10, 65, -52, 57, 84, -19, 8, -17, 96, -10, 85, -60, 68, -64, -60, 72, 12, -33, -63, 98, 24, 55, -61, -88, 63, -87, -86, -87, -29, 85, -9, 92, -67, 22, -11, 87, 97, -72, -96, 25, 41, 4, -89, -88, -9, -53, 98, 25, -22, -3, -74, 4, -48, 31, 91, 68, -31, -32, 88, 39, -3, -97]
[-60, 33, -86, -7, 80, 55, -1, 3, 6, 7, -63, 3, -75, -10, 57, -62, 99, 34, 99, -5, 70, -42, 31, -43, 15, -3, 54, -87, -62, 71, 68, 4, -81, 68, 92, 18, -38, -40, -86, -11, -53, 55, 32, 58, 82, 68, 92, 11, -75, -58, -12, 49, -77, -69, -33, 30, 95, -22, -70, -92, -43, 86, 7, -46, 76, 39, -8, -13, 17, 90, -86, -55, 43, 81, -93, 56, 14, -2, 97, -33, -35, 23, -3, -34, 82, -92, -60, -57, 13, 19]
[-35, -54, -25, 61, -28, 1, 3, -63, 64, -54, -22, -97, -55, 72, -41, 72, 73, 50, -26, 81, -91, 29, 0, 98, -10, 32, 74, -40, -63, 43, -88, 10, -94, -97, 79, -78, -17, -46, -2, 67, 25, -55, 66, 24, 0, -66, 14, 41, 29, 84, -84, 27, 42, -3, 44, -23, 11, -86, -31, 25, -46, 3, -72, 69, 83, 90, -93, 79, 91, -96, 33, 48, -84, -97, 75, -41, 23, 54, 66, -65, 35, 93, 21, 5, -50, -93, -85, 61, -27, -24]
[17, 71, 54, 10, 4, -29, 59, -65, 7, -49, -57, 97, -23, -51, 99, -32, 1, -10, -90, -45, 54, -14, -9, -68, 83, 47, 22, 31, -65, 47, 43, -6, 96, 37, -29, 20, 84, 23, 51, -88, 27, -12, -78, 27, 89, -64, -92, 27, 61, -94, 48, -79, 40, -14, -98, -48, 39, -52, 84, -86, -95, 69, -29, 31, -17, 75, 54, 40, -46, -48, -58, 99, -61, 1, -36, -76, 47, -74, 43, 17, -12, 18, 2, -12, 0, -53, 79, -58, 40, -87]
[37, -8, 19, -78, 97, 31, 89, 89, 4, 19, -19, -20, -78, 64, 47, 40, 45, -70, 71, -36, -78, 7, -27, 65, -71, 86, 71, -17, -27, -17, 63, 64, -41, -24, 29, 63, -19, -1, -31, -10, -92, -13, 63, -65, 25, 72, -33, -65, 67, -85, 85, 68, 39, -82, 72, -51, -62, -26, -51, -74, 44, 1, -54, 85, 41, -32, -32, 39, 81, -12, 71, -68, -1, 8, 39, 89, 77, -3, 95, 25, -33, 36, 15, -73, -56, 25, 37, -12, -16, 15]
[-61, 93, 75, 19, -42, -46, 51, -37, -58, 70, 65, 18, -64, -17, 31, 31, -88, 97, -65, -82, 43, -72, 50, 69, -44, -65, 14, -30, 34, 13, 21, 8, -92, -67, -88, -68, 94, 83, 14, 41, 35, -26, 1, 48, -44, -6, -90, -66, -11, 42, -25, 21, 98, -71, -81, 70, 84, -54, 52, -92, -57, -5, -4, 57, 86, 87, 93, 90, 1, -47, -72, -1, -30, 99, 69, 12, -73, -84, 71, 0, -95, 19, -6, -89, 84, 37, -88, 63, -24, 62]
[54, 58, -13, -90, -88, 36, -44, 22, 35, -93, 10, 81, 57, 43, -8, -28, 43, -58, 75, -63, -83, -15, 51, 10, -28, -42, -91, 2, 76, 40, 17, 89, -85, -59, -30, 43, -75, 38, -2, 17, 81, -79, 79, -20, 19, 21, -41, 59, 7, 70, -76, 68, 26, 9, -28, 68, 81, -75, -72, -24, -54, -57, 60, 37, -61, 15, -30, 31, 84, -25, 62, -18, -35, 86, -91, -94, -51, 60, -20, -56, -32, -23, 35, -57, -25, -3, 9, 89, 61, -19, -51, 19, 70, -20, -47, -86, 75, -28, 3, -98]
[78, 89, 87, 47, -34, 17, 61, 4, 4, -95, -8, 16, 60, 79, -67, 46, 91, -2, 37, -21, 42, -90, 11, -18, -90, 4, 24, 46, 95, 4, -60, 75, 85, 88, -62, 18, 32, -88, 59, 7, -66, 58, 66, 18, -37, 50, 44, 37, 91, 65, 35, -41, 19, 0, 7, -7, 37, -22, -63, 33, 97, 77, 72, -29, 46, -37, -15, 86, 0, 58, 76, -28, 59, 67, 97, 5, -40, 62, 19, 79, 86, 31, 18, 42, 93, 89, -8, 38, 67, -6, -27, -83, -30, -42, 67, 69, 13, -5, -90, 0]
[90, -87, -85, -56, 7, -16, 55, 20, 73, 40, 22, 96, 19, 21, -86, 31, -80, -30, -13, 21, -18, -94, 20, -86, -7, -9, -21, 38, 45, 78, 85, -75, -36, 49, 73, 60, 44, 48, -32, -59, 3, 47, 31, 80, 82, 15, 51, 31, -99, 10, 89, -68, -98, 83, -95, -54, 44, -8, 42, 70, 50, -57, 13, -86, 61, 17, -25, -54, -93, -56, 0, -85, 76, 23, 20, 94, -8, 65, -77, 53, -42, -63, -73, -66, 47, -41, 54, 82, -31, 54, -53, 3, 61, -66, 91, -46, -26, -6, -25, -22]
[-25, -84, -67, -6, 20, -43, -94, -82, -17, -12, -29, -73, -67, 87, 65, -85, -24, -64, -50, 60, 49, -81, -6, -99, -52, 36, -55, 32, 34, -31, -2, -92, 79, -18, 88, -65, 75, -88, 96, 61, 17, -18, -30, -55, 20, 75, -40, -85, 67, 72, 7, -39, 68, 73, -87, -3, 57, -3, 75, 93, -46, -17, -55, -66, -25, 2, -89, -7, 92, -1, -78, 46, 12, -42, -50, -97, 33, 29, -40, 92, -28, 0, -43, 15, -32, 27, -23, 18, 45, -21, 81, 81, 57, -29, 11, 39, 62, 70, -88, -57]
[37, 18, 29, 29, 24, 64, 24, 19, 17, -93, 47, 56, 4, -81, -75, 64, 73, 26, 98, 96, 16, -87, -78, 76, 41, 66, 78, -80, 72, -59, 35, 19, 14, 56, -7, 43, -40, -63, 45, -96, 96, -92, -48, -59, 70, 94, -6, -66, 13, 33, -61, -54, 85, 91, -17, -85, -83, 21, 10, 96, 21, -79, 31, -81, -2, 7, 40, 15, -4, -75, 28, 13, -30, 20, 99, -6, 39, 89, -44, 98, 93, -14, -22, -17, 18, -8, -63, 82, 40, -99, 54, -82, -95, 13, -8, 88, 42, 12, 21, 36]
[29, 7, 85, 87, 2, -58, -44, -58, 59, 99, -91, 90, 87, 28, 56, 61, -76, 97, 25, 78, 4, -3, -49, -48, -31, -74, -78, -65, -41, -72, -39, 72, 0, 91, 83, -49, 70, -37, -79, 58, -13, -39, -28, 6, -90, 60, 12, 71, 81, 19, -80, -19, -85, -16, 43, 11, 40, 31, -60, -68, 86, 71, 82, 60, -86, 36, 85, 89, -50, -63, 53, -10, 46, 17, 38, -12, 38, -68, 5, -5, 66, 54, 70, 1, 17, -59, 58, 91, 72, 17, 73, 28, -50, 66, -45, -65, -75, 12, -41, -34]
[7, 59, 3, -42, 59, -91, -20, -11, 35, 92, -64, -88, 14, -5, 29, 9, 76, 86, 44, -26, -10, 1, 74, -2, 37, -65, -88, 34, -82, -80, -60, 80, -76, 71, 56, 29, 88, -6, 16, -62, -34, -24, 36, -43, 61, 79, -45, -56, 29, 76, 19, 23, -39, 27, -42, -6, -25, -89, -52, -34, -66, -67, 24, -68, -66, -89, 47, 57, -52, 18, 33, -64, -43, -29, -12, -68, -94, -47, 64, 97, -73, -59, 78, -79, 6, -32, 13, -10, 68, 92, 59, -19, 45, 32, -79, -42, -46, 52, 90, 19]
[-5, 85, -62, -10, 7, 60, 70, 98, 45, -18, -73, 41, 98, 76, 7, 45, 18, 93, -48, -49, 92, -44, 84, -3, -46, 43, 36, -12, 56, -40, 39, -75, 83, 97, 11, 0, 26, -70, -44, -54, 89, -9, -43, 88, 65, 60, -74, -4, -77, -84, -64, -75, 42, -11, 99, 34, 95, -2, -74, -52, 25, -82, -32, -65, 92, -62, -96, 37, -51, 12, -23, -30, 7, 30, -33, -34, -22, -87, -64, -90, -63, 88, -18, 22, 99, -40, -30, -85, 38, 1, 40, -98, 13, -91, 6, 92, -20, -52, 19, -59]
[-77, -95, -22, -29, 30, -99, 36, 93, 97, -32, 82, 81, -59, 16, 91, -41, 72, 22, 49, 67, -12, 98, -80, -32, -50, -82, -27, 46, -43, 9, -44, 66, 32, 29, 77, 42, -23, 42, -86, -77, 98, 46, 13, 96, -1, -75, 96, -81, 76, 74, 14, -69, -48, 45, -1, 85, -93, -62, 59, -19, 86, -95, 23, -84, 92, -80, 98, -54, -97, 45, 48, 57, -36, 56, -24, 92, -87, 99, 29, 53, -49, -67, -82, -61, -3, -57, 63, 58, 43, -12, -45, 66, 2, 78, -46, -60, -52, 72, -39, -4]
[-1, 31, -96, -54, 14, -93, 47, -68, 86, -33, 42, -93, 38, -8, -68, 74, 30, -10, 15, 88, 6, -86, -69, 1, -82, 51, 11, 92, -49, -82, -28, 22, -24, 62, -21, 88, -38, -7, 61, -65, 13, -52, 12, 52, -33, -58, 52, -75, -60, 71, 7, 1, 92, -92, 72, 73, 30, -18, 94, 78, 9, 94, -92, 21, 48, 88, 75, 11, 11, 67, 88, 66, -26, -86, 92, 55, -41, -77, 42, 8, -50, -31, 94, -98, -59, 18, 94, -30, 51, -59, 84, -39, -14, -77, 66, 56, 92, 42, -32, 75]
