[13, 82, 86, 84, 86, -65, 6, -60, -11, 55]
[-25, 22, 67, 43, -10, -46, 30, 25, -8, 48]
[-48, 32, 52, 87, -61, 83, -78, 92, -37, 68]
[31, 2, -56, 99, 34, 56, -63, -34, -21, -35]
[-23, 45, 71, 7, 34, -64, 97, 72, -74, -58]
[73, -45, -44, -81, 78, 68, 64, 91, 44, -74]
[82, 64, -44, -92, -67, -23, -99, -57, -88, 44]
[-25, 66, -62, 77, 51, -85, 54, 70, 0, 2]
[-93, 58, 64, -32, -57, 69, -1, -5, -60, 52]
[36, -73, 29, -72, 43, -67, -24, 70, -4, -86]
[-48, -7, 33, -11, -21, -49, 22, 92, 10, -60, -4, 18, -52, 28, 97, 76, 30, -47, 28, -49]
[72, 86, -84, -11, -57, -53, 37, -99, 33, -6, 24, 82, -52, 59, -34, 30, 41, 29, 86, -43]
[-71, -98, 29, 8, 88, -51, -36, -31, -68, -99, 38, -7, 41, -49, 64, -60, 15, -93, 50, 38]
[-67, -1, 47, 28, -64, -20, -57, 1, -34, -17, -46, 96, -36, 5, 8, -20, 61, 89, -45, 0]
[31, 39, -48, -71, -42, 9, 41, 9, -20, 52, 67, -80, -32, 76, -70, 74, 31, -70, 34, -57]
[89, -70, 53, 48, -79, 19, -73, -47, -5, 87, -52, -48, -95, 2, -54, 17, -71, -76, -62, 10]
[87, -34, 30, 51, 75, -47, 15, -92, -99, 9, 52, 24, -6, 27, 9, 52, -33, 6, 71, 4]
[-57, -11, -21, -28, -26, -14, 86, 67, -61, -63, 5, -59, -19, -98, -43, 2, 57, -32, -70, -33]
[45, -44, -32, 61, -6, -51, -64, 19, -69, -30, 34, 6, -69, 19, -26, -70, -41, 86, -40, 58]
[-53, 99, 76, 16, 71, -94, -60, 64, 26, -89, 71, -98, -30, -32, -78, -64, 25, 34, 80, -82]
[-83, 63, -75, 5, 30, -69, 54, 60, -31, -34, -78, -30, -11, -5, 35, 68, 16, 79, -71, 11, -38, -70, -35, -21, 78, 36, -83, 7, 91, 28]
[6, -31, -95, -67, -91, -50, -62, -3, 98, -49, -76, 10, 31, -25, 57, 55, -93, -80, 33, -72, 59, -81, -42, 72, -18, -26, 79, -59, -64, -80]
[-39, 29, -16, -38, 31, -19, -20, 53, 78, -36, 16, -18, -85, 61, 14, 98, 49, -7, -85, -11, -57, 9, -30, 26, -36, 91, -98, -2, 72, -88]
[80, -68, -22, 53, -2, -88, 37, 65, 54, 96, -11, 32, -56, -43, 67, 57, 58, -63, -64, -26, 67, -18, 12, -96, -55, 18, -84, -37, 10, 78]
[84, -10, -99, 74, 6, -75, 39, -5, 75, 4, -86, -31, 9, -4, -77, -51, 3, 20, -78, -55, 10, 28, -93, 93, -28, 41, 41, -42, -73, -14]
[24, -57, -90, -43, -50, -1, -73, -93, -92, 96, 84, -82, 38, 71, -78, -1, -1, 45, 90, 26, -24, -94, 32, 62, 62, 63, -94, 9, -30, -16]
[29, -88, 48, 57, -73, -47, 31, 60, 47, -97, -56, -2, -72, -39, -92, -47, -13, 36, 51, -30, -58, 80, -57, 67, -16, -33, -55, -49, 76, 2]
[98, -26, -96, 52, 83, 84, -9, 5, -73, 77, -40, -57, 90, -76, -1, -59, 16, 9, 80, -63, 94, 99, 49, 81, 48, -61, 47, -76, -94, 24]
[14, 83, 24, -34, 78, 19, -76, -39, 80, -36, 3, -21, 32, 24, -18, -43, -99, -87, -86, -86, 74, 5, 70, -91, 60, 92, -83, -73, 47, 96]
[-46, -10, 33, -70, 57, -37, 46, 81, -52, 35, 87, -83, -12, 47, -94, -24, -42, 99, -37, -83, -59, -39, -2, -81, 61, 13, 43, 30, 90, -87]
[27, -45, -18, 40, -47, 33, -44, -41, -5, -86, 93, -22, 68, 7, -33, -13, -66, 39, -72, 29, 11, -78, 89, -95, 20, -1, -58, -42, -97, 44, -91, 83, 89, -21, -59, -52, 57, -18, -54, 67]
[43, 1, 72, -45, -98, 99, 56, -91, -4, 89, -87, 80, 41, -9, -33, -99, 53, 94, 47, 68, -27, 3, 24, -12, -85, -18, -1, -2, -56, 42, -47, 15, 75, -33, -79, 94, -18, 84, -96, -62]
[-18, 6, -84, -33, -36, 35, -67, -13, -86, -30, 74, 28, 8, -51, 57, -86, -59, -81, 4, -75, 24, 96, 40, -55, -49, 63, -31, 53, 58, 5, 98, -12, -38, -58, 49, -41, 68, -96, -1, 22]
[1, -72, 30, 97, 76, -33, 16, -75, 71, 76, 81, -78, 91, -36, 13, 48, 34, -92, -73, 97, -21, -90, 64, -94, 79, 12, 75, -97, 11, 54, 11, 61, 34, -50, -30, -88, 10, -12, 62, -65]
[-83, 48, 74, 31, -68, -7, 41, -95, 41, 27, 63, 32, 71, -9, -98, 30, 39, 46, -31, 4, 10, 55, 28, 73, 40, 29, 35, -74, -88, -14, -56, -47, -61, 9, 13, -59, 94, 82, 0, -1]
[65, 58, 68, 1, -18, -90, -51, -39, -20, 29, -44, -85, 30, 24, 59, -14, 11, -36, -58, 71, -13, 95, -15, -93, 47, -4, -41, 83, -33, 39, 47, -96, -88, -54, -23, -3, -1, 44, -18, 50]
[-94, 85, -58, 2, -27, -6, 53, -89, -52, -9, -35, -27, -2, -45, -24, 40, -85, -75, -52, -5, 98, 59, 17, -21, 12, 12, -7, 34, 32, -79, 6, -32, 54, -40, -13, -16, 49, -58, 96, 3]
[-3, 97, 56, 76, 69, -37, 78, -71, 44, 51, -25, 10, 25, -19, -87, -3, 1, 86, 55, 4, -97, 35, 52, 81, -75, 10, -56, -86, -36, 9, 72, 25, 17, 16, 34, -46, 39, 75, -96, 51]
[7, -88, -8, 61, 17, 14, -59, 70, 58, -33, 97, -81, 73, -72, -47, 21, -70, -67, 24, 42, 15, -59, 63, 75, 50, -79, 90, -14, -14, 50, -18, 21, 17, 46, 61, -19, -25, 60, -10, -50]
[91, -53, -30, -26, -23, 79, 65, -13, 14, 27, 98, -51, 56, -4, 75, 74, 65, 79, 38, 57, -96, -63, 60, -41, -40, 64, -22, 91, -41, 20, -10, 51, -82, 89, 55, 28, -46, -99, 21, -90]
[35, -33, 92, 43, -4, -7, -61, -76, 48, -79, -2, 51, -16, -9, -87, 52, -34, -36, -86, 59, 11, -43, 18, -25, 59, 60, -25, -57, -22, 65, -96, -10, 55, -88, -42, 71, -63, -28, 72, 44, 8, -14, 25, -96, 31, -53, 5, 87, -9, 86]
[73, -20, -43, 63, -91, -93, -60, -65, -11, 23, 87, 34, -6, 16, -58, -97, 55, -12, -98, 24, 26, -53, -47, 19, 41, 68, 90, 48, 8, 20, 12, 16, 97, 38, -83, 22, -5, -95, 19, -56, -14, -87, -39, -69, 78, 32, 12, -40, 78, 55]
[-46, -60, -48, -91, 15, -54, 34, 16, -32, 80, -61, 82, -79, 77, -99, -41, -64, 39, 91, 88, -85, 28, 30, -74, -86, 49, -70, -69, -86, -42, 95, -4, 33, 59, -23, -49, 55, -98, -98, -9, -12, 79, 84, 64, -97, -33, -10, -26, 81, -97]
[35, -89, -15, -43, 75, -22, -58, -18, -58, 49, 66, -88, 77, -50, -24, -73, 69, 97, 93, 97, -51, 23, -75, 61, 36, -87, -27, 27, 30, 4, 12, 20, -45, -27, -82, 25, 53, -75, -47, 80, 67, -31, 66, -42, 18, -26, -30, 44, -58, -12]
[-87, 58, 48, 18, -18, -1, -79, -65, -29, -16, -28, 38, -75, -66, 24, -17, 44, -20, -89, -35, -95, 38, 34, 41, 99, 36, 26, 79, -69, 23, -1, 5, -12, 92, -8, 58, 46, -30, 35, 82, 42, -8, -25, -5, 66, -49, -63, 26, 12, 41]
[-24, 38, -4, -6, 24, -44, 8, 10, 73, 85, 9, -21, 95, -55, 50, 1, -30, -81, -21, -76, 79, -29, -99, -12, -46, -3, 8, -45, -8, -3, -27, -29, 48, -39, -73, -36, 50, -7, -5, 79, -83, 48, 18, -42, 78, 87, -7, 19, -79, 71]
[76, -81, -11, -73, 36, -72, 37, -6, -42, 42, -90, 91, -33, -32, -24, -65, -72, 40, -37, 45, 82, -66, -30, 88, 20, 41, 95, -18, -72, 79, -80, -33, -71, 7, -33, 66, 8, 99, 52, 47, -80, -27, -20, -88, 54, 65, -12, 37, -53, -39]
[97, 66, 42, 63, 49, 56, 94, -61, 70, 47, 90, 94, 75, 11, 71, 19, -11, 78, 84, -91, 25, 45, -49, 36, -6, -97, -56, 6, -20, -56, -89, -26, 40, 38, -73, 12, -14, -89, -92, 94, -18, -90, -63, 34, 85, 2, 68, 7, -97, -56]
[13, -50, 99, -69, 31, -8, 69, 24, 2, 50, -80, 40, 87, 9, -89, 42, -57, 84, 11, 0, 3, 66, -74, 41, 14, -91, -74, -6, 37, 27, 7, -72, -5, -33, -44, 86, -75, -28, -19, -21, 21, -8, -71, -95, 54, 50, 64, -45, 80, -43]
[-62, 67, -16, 56, 38, -17, -59, -21, -26, 68, -80, -97, -44, 93, -20, -4, -28, -25, -42, 17, -23, 15, 16, 36, 36, -90, -18, -1, 33, -11, 48, 5, -41, -76, 32, -12, -36, 5, -88, -67, -6, -96, -8, 55, -98, 49, 25, -8, -57, 18]
[-79, 64, -90, -16, -33, -71, 72, -61, 14, -83, 72, -59, 55, 42, 30, -17, 15, 33, -70, -63, 10, -27, -58, 77, 39, 55, 88, -5, 45, 72, 86, -51, 32, 60, 47, 66, 89, 59, -65, 27, 84, 87, 61, -77, -65, -71, -62, -40, 35, 70, 39, -12, -65, -73, -76, -26, -99, -99, -67, 33]
[96, 36, 33, -43, 99, -70, -88, 92, -5, 51, -39, 39, 87, 35, 79, 68, 67, 65, 3, 12, -90, -68, 30, -45, 26, -14, -57, 31, -60, -33, -12, 55, -54, 8, -25, -90, 2, -40, 10, -19, -18, -44, 81, 33, 47, 74, 14, 58, 36, -93, -89, 21, -33, -57, 50, 31, 13, 18, 14, -10]
[-74, 58, -32, -26, -72, 21, -17, -2, -44, 83, 61, 67, 19, -53, 27, -33, 54, 31, 21, -11, -28, -38, 97, -56, 75, -11, -10, -65, 55, -87, 40, 30, -21, 78, -97, -17, 35, 96, -45, 77, -93, 88, -96, 36, -39, 9, 91, 20, 21, -20, 35, 52, 78, 14, 49, -19, -64, -5, 98, -54]
[-90, -81, -2, -97, 48, 14, 46, 61, -62, -61, 6, -6, 59, -67, 76, -44, -7, 77, 46, -92, 37, 57, -64, 2, 32, 26, -12, 44, 82, 52, -17, 55, -71, -95, -92, -1, 94, -23, 40, 92, 59, 37, -43, -67, 11, 17, -53, -52, -87, -22, -91, -22, -4, -49, 25, 36, -79, 90, -40, -70]
[72, 22, -71, 96, -60, -38, -74, -78, -8, 0, 6, 66, 41, 75, 97, 33, 92, 22, -16, 89, 61, 31, -58, 65, -69, 71, 29, 1, -90, -53, -33, 95, -93, -45, 61, 58, 11, -80, -43, 3, 41, 48, 30, -51, -28, 71, 26, -95, 93, 52, -92, -74, 88, 46, 69, 82, -41, -62, 32, 41]
[-65, -31, 66, 66, 9, -17, -91, -73, -79, 76, -10, 48, -89, 66, 24, 46, -78, -70, -33, -73, -96, -52, -24, 67, 74, -53, 65, 97, 66, 78, 10, 92, 15, -83, -41, -62, -18, 44, -93, 7, 65, 34, -37, 36, 87, -57, -90, -80, 61, -43, -46, 80, -2, -42, 28, -34, 18, -51, 63, 24]
[-65, 84, 24, -55, -6, 38, -88, 5, 28, -24, 36, 83, -9, -45, -16, -40, 35, 50, 32, 31, -50, 4, 72, 54, -88, -16, -69, 0, -29, -12, -19, -9, -72, 29, -66, -28, -95, 52, 4, -90, 89, -66, 50, -41, 93, -93, 17, -17, -52, 95, 7, 35, -19, -18, -22, -68, 4, -96, -5, 79]
[-92, -27, -27, 87, -26, -36, 79, 78, 55, -92, -64, -69, 92, -50, -85, 94, -93, -45, -72, -62, 26, 25, -62, -31, -32, 25, 11, 17, -24, -74, -12, -90, -86, 44, -52, -53, -10, -8, -33, 21, -97, -90, 90, -91, 84, 16, 15, -96, 16, -84, 94, -86, 18, 25, 49, 68, -8, 26, -86, 21]
[-28, -18, 53, 88, 5, 30, 76, -72, -19, 70, 82, 80, 30, 51, -19, -1, 25, 32, 57, -77, -76, -90, 22, -96, 21, -12, 86, 18, 79, -56, 89, -40, -53, -73, 50, 24, -28, 29, 23, 38, 33, 94, 37, 16, -34, -93, -78, 55, -75, -72, -13, -92, -59, 46, -90, 58, -76, -46, -79, 1]
[32, 4, 23, -54, 87, 97, 19, -15, 91, -2, -97, 37, 98, 73, -6, 30, 22, -92, -51, -23, -12, 68, 94, -94, -80, 16, 38, 64, 7, -39, -45, 51, 51, 8, -7, -94, 0, 58, -34, 90, 49, -57, -47, -4, -76, 20, -13, 46, 86, -5, -61, -94, -19, -89, -74, 80, 61, -90, -72, -4]
[-95, -77, -21, 44, -29, 75, -31, 12, 92, -69, -54, 56, 29, 96, -36, 70, 10, -90, -77, 83, -80, -79, -70, -47, -25, -17, -8, 2, 56, -97, 64, -30, 20, 55, -33, 23, 8, -68, -3, 76, -25, 35, 30, -80, -27, 44, -52, 94, 23, -53, 79, 7, -23, 41, -54, 24, 68, -75, 48, 42, -88, -86, 12, 81, -51, -32, -88, -54, -27, 67]
[-38, 69, 21, 96, 8, -30, -94, 94, 50, -61, 5, -37, -24, 96, -61, -82, -97, 87, 10, -91, -97, -7, 1, 55, -72, -10, 96, -86, -27, -50, 25, 73, -59, -94, -88, -16, 48, 43, -14, 23, 21, 31, -12, 76, 86, -27, -14, 52, 76, 16, -96, 43, 46, -26, -25, -23, 54, 49, -99, -23, -47, -66, 69, 43, -4, -18, -63, 58, 20, 3]
[-42, 70, -3, 11, -93, 36, 42, 60, -24, 78, -35, -77, -57, 54, 44, 63, -88, 47, 88, 69, 0, -62, 70, 26, 72, -50, 57, 81, -59, 82, -56, 37, 32, 94, -74, 67, -70, 71, -42, -68, 11, -96, 37, 10, 75, 59, 59, -32, 61, -44, -56, -57, 51, -76, 19, 96, -60, -79, -54, 79, -30, 30, -50, -71, -30, -33, 98, -27, 23, 91]
[34, -85, -71, -42, -74, 34, 47, -77, -47, 68, -62, 61, -92, -48, -41, -50, 31, 48, -22, -83, 58, 21, 44, -69, 9, 99, 19, -37, 25, -35, -99, -3, 2, -75, -88, -99, -94, -69, 11, -27, -29, -85, 88, 25, -30, 50, -28, 48, 62, 35, 9, -17, -37, 67, 85, -62, -63, -69, -11, -38, 29, -57, 28, -63, -65, -25, 8, 33, 40, 82]
[2, -41, -7, -28, -55, 59, 94, 39, 58, -11, -30, 60, 56, 76, 23, -74, -89, 67, -89, -68, -27, -55, 55, -9, -73, 37, -83, 56, 94, -75, -60, 95, -10, -13, 59, 12, -83, -59, 13, 29, -94, 32, -62, 27, 81, 81, -43, 44, -80, 39, 0, 84, -37, 34, 92, -9, -68, 5, 12, -4, 47, -62, -2, -20, 30, -99, 2, -97, -87, -4]
[-36, -24, 32, 83, 2, 48, 30, 81, -80, 47, 71, -35, -96, -83, -67, -57, 97, -9, 73, -33, -47, -89, -24, -77, 61, 73, 59, -11, 5, -89, -10, -30, -62, -10, -56, -78, 73, 21, 92, 7, -96, -36, -35, 94, 71, -55, 67, 67, 99, 99, 97, -68, 52, 92, -78, -52, -19, 92, 74, -67, -89, 31, 4, -93, -92, 98, 15, 76, -10, 54]
[-58, -12, 33, 17, -18, 33, 49, -40, -20, -1, -67, -78, -77, 32, -66, -63, 39, 6, -27, 71, 9, -3, 46, -32, -49, -1, -1, 69, 10, 54, -8, -28, -23, 48, 72, 77, -53, -54, -32, 39, -86, 50, -60, 52, 85, -70, -10, -61, -76, 21, 98, 22, 58, 1, 85, -59, -9, -33, -19, -72, -43, -97, 54, 11, -57, 11, 58, 94, -1, -54]
[68, -79, -52, 87, -29, -5, -70, 13, 92, 90, -87, 22, 60, 84, 44, -27, -8, -39, -74, 97, -27, -23, -90, -33, 85, -66, 58, 60, 63, -42, 59, 68, -72, 76, -58, -74, 15, 0, -70, 13, 60, 20, 48, -70, -48, -16, 10, 48, -43, 49, -77, -30, -94, -47, 3, -88, 23, -98, 59, 87, 78, -29, 99, -51, -66, -55, 39, -6, -28, 84]
[88, -3, 12, -59, -24, -18, -47, -11, 10, -33, 37, -68, -36, 43, -22, -80, 77, -92, 4, -99, 71, 95, 88, -35, -90, 98, -82, -11, 22, 65, 13, -40, 1, 49, -22, -52, 19, 78, 53, 65, -4, -38, -79, 48, 39, 2, -86, 32, -66, 99, -49, 12, 47, 85, 70, 46, -9, 11, -46, -71, 72, 51, 12, 23, -56, 12, 44, -74, 60, -33]
[47, -71, 12, -97, -58, 50, -72, 25, -58, -49, -21, 55, -22, -87, -52, -66, 47, 96, -91, 30, 2, -16, 56, 49, -74, 35, -45, -91, 42, 16, 70, 35, -66, -58, -11, 27, -45, -52, 52, 30, 82, 94, 22, 92, 0, -84, 87, 7, -89, -16, -44, -68, -30, 63, -62, -40, 64, -69, -28, -5, 37, -27, -51, -12, -8, 19, 48, 96, -14, 7]
[-83, 39, 23, 84, 99, -54, 70, 88, 7, -30, 56, -73, 95, 72, -85, -22, 40, 62, 65, -33, -16, 52, 93, -2, -9, 4, 15, 9, -8, -40, -93, -49, 67, -33, -24, 86, 37, 4, 1, 98, 71, 38, -85, 79, 97, -58, 52, 65, 80, -51, -46, 63, 61, 20, 16, 22, -90, -22, -77, -40, 72, 70, 4, -1, 48, 41, -85, -89, 65, 31, 69, -42, 89, -94, -50, 71, 91, -70, 66, 76]
[-15, -30, 88, -82, 1, -12, -77, 79, 37, 57, 89, 93, -75, 1, 11, -66, -65, 72, 21, -89, -66, -67, -12, -87, 40, -64, -96, -20, 70, -91, 6, 10, 39, -3, 5, -97, 76, -52, -57, 53, -11, 8, -4, -41, 9, -70, 0, 15, 74, -99, 13, -72, -69, 56, -65, 41, -45, -78, -14, 9, 91, -78, 95, -18, -71, 2, -22, 72, 17, 23, 10, 28, 0, -19, 46, -22, -95, 48, -26, 33]
[-64, -97, -8, -79, 13, -38, -88, 99, -93, -3, -47, -73, -32, -96, 35, -66, -65, 50, -22, -22, 90, -97, 37, -10, 86, 83, 3, -80, 3, -65, -80, 50, 51, 15, 33, -84, -91, 23, 73, 15, -30, 64, -99, -15, 84, 50, -93, 83, 52, -6, -55, -6, 1, 91, -92, -32, 33, -39, -36, 84, -2, -70, 34, -79, -90, 96, -95, 79, 69, -14, 1, 59, 65, 90, 31, -37, 36, -9, 31, 63]
[46, -27, 82, 6, -12, 79, 99, 43, -77, 79, 95, -88, -1, 6, -17, 47, -96, 41, -95, -91, -30, 91, -64, -15, -1, 49, 11, 9, -95, 96, 90, 13, -98, -76, -97, -75, -20, -2, 63, 79, 38, -3, -8, -75, 59, 54, 51, 1, -99, 14, -88, -86, -60, -10, 43, -69, 93, -24, -13, -86, -74, -34, 57, 98, -8, -25, 50, -82, -69, -71, -96, 81, 85, 26, -20, -85, 28, 11, -35, -91]
[-68, 98, 2, 35, -99, -79, 56, 67, 50, -17, -20, -64, 65, -23, 18, -27, 71, -22, 34, 89, -65, 81, -26, 32, 10, 91, 64, -14, 99, 80, -81, 48, 99, -26, 82, 96, 44, -66, 34, 45, -41, 15, 84, -55, 34, -65, 29, 86, -39, -46, 96, 52, 6, 79, -90, -55, 21, -71, -96, -59, -30, -95, 40, 57, -46, 67, 55, -16, 54, 61, 37, -82, 16, 12, 22, -69, -85, -33, 41, -81]
[-40, -58, 6, 5, 72, 65, 74, 69, -79, 77, -37, -44, -3, -11, 0, -93, 46, 79, -33, 54, -67, 63, -28, 58, -12, -35, -47, 51, 24, -91, -40, 66, -62, 43, -40, -11, 18, 79, 51, 22, 41, -74, 96, -73, 95, 70, 44, 62, -9, 35, -19, 11, 78, -36, 97, 54, -56, 35, -37, -94, -78, 70, -19, 55, 12, -82, 58, -3, -59, 73, 83, -33, -8, 81, 73, -87, 6, -22, 96, 70]
[33, -56, -30, -70, -97, 72, 55, -26, 37, -90, -16, -44, 58, -12, 86, -41, 0, 13, 51, 76, -74, -88, 77, 93, 47, -78, 89, -43, -87, 15, 26, -26, -25, 58, -6, 29, -66, 35, -28, 7, 76, 23, 39, 13, 31, -36, 64, -54, -67, 2, -62, 7, 83, 30, 92, 28, -40, -79, 67, 54, -44, -90, 46, 90, 79, 87, -28, -27, -5, -39, 10, 12, 25, -97, -30, 74, -29, 61, 21, -85]
[-71, 4, -72, 21, 29, 0, 73, 19, -3, -85, 69, 94, -88, 47, -80, -18, 37, -92, 20, -39, 90, -60, -78, -49, 19, -74, 16, -95, 29, -23, -35, -6, 27, -85, 83, 42, -21, -57, -2, -1, 4, 49, -57, 15, -29, 96, -63, -29, 48, -40, 36, -95, 77, -71, 57, -55, -74, 65, -16, -59, -5, -81, -79, 41, -8, -76, -87, -10, -43, -56, 31, -82, 42, 53, -7, -78, -99, -40, -48, 47]
[54, -21, -99, -2, 99, 84, 0, 78, 27, -4, -13, 34, 46, -60, 45, -16, -27, -26, 33, -64, 46, 54, -42, 94, -99, -52, 14, 26, 67, 81, 15, -14, -87, 34, -87, 15, 33, -14, -10, 67, -60, -7, 88, -18, 28, 79, -78, -99, 45, -91, 34, -1, -32, -64, -79, -35, 68, 68, -43, 70, 88, -30, -33, -3, -19, 86, 25, 32, -92, 12, -61, -89, -82, 27, -58, -56, 26, 96, 53, -60]
[-71, -92, -5, -12, 86, -66, -20, 40, -34, -24, -11, 33, -43, -85, 69, -81, -12, 39, 36, -42, -59, -74, 71, 24, 17, 50, -54, 73, 31, -56, 6, 83, 8, -60, 61, 49, 34, -17, 51, 70, -64, 46, 83, -20, 91, -61, -54, -98, -55, -51, 96, -96, 9, -2, -65, 35, 9, -28, 2, -65, 84, 66, 76, 75, -54, 1, -32, -49, -23, -95, -63, -52, -88, -84, -71, 44, 40, 82, -37, -69]
[6, -50, 2, -93, -89, 64, -85, 81, 99, 73, 7, -58, 16, 78, -11, -35, 65, -8, -59, -61, -51, 31, 83, 38, -30, 54, 41, 26, 69, -52, 6, 14, -29, 81, -34, -11, 58, -58, -16, -43, -20, 94, 47, -18, 95, -79, -93, 81, 11, 7, -97, -20, 22, -52, 3, -48, 55, -95, 99, -22, 28, -85, 9, 67, 18, -57, 63, -52, 14, -42, -18, -49, -61, -99, 20, -49, -56, 24, -98, 97, -54, 19, -87, 68, -76, 14, 49, 42, -12, -4]
[-82, -31, -42, 24, -38, -98, -57, 59, -62, -27, 43, -93, 48, 62, -55, 61, 3, 51, -93, -96, 26, -80, -89, 7, 48, 49, 42, -73, 46, 10, -52, -70, -23, 89, -71, -71, 53, 91, 9, -65, 6, 27, 46, 28, 25, -14, 16, -56, -89, 46, -90, 17, -44, 9, -62, 3, -81, 50, -46, -75, -57, -87, -85, -85, 29, -73, 46, -5, -35, -27, -18, -68, 64, -85, 74, -35, -73, -39, 38, 54, 98, 41, 89, 46, 85, -84, -42, -56, 56, -65]
[28, 7, 63, 16, -10, -47, 9, -90, -9, -91, 78, -26, 26, -15, -15, -67, 73, 19, 99, 91, -89, -88, 88, -90, -75, -40, 45, 56, -78, 62, -82, 87, 62, -15, 73, -52, 13, 70, 66, 43, 73, 19, 55, -42, 35, 72, -92, 1, -18, -88, 57, 67, 72, 63, 53, 37, -23, 73, -41, -96, -52, -50, -55, 95, -1, -11, -20, 32, -53, -48, 67, -6, -10, -22, 79, -23, -15, 52, -91, -51, 66, -14, -72, -20, -32, 84, -85, 23, 76, -36]
[-4, -23, -32, 27, -8, -14, -59, -16, -36, 94, 75, 37, -19, -18, 79, 51, -2, -30, -28, 56, 86, 42, -41, -34, -5, 72, -43, 2, -71, 44, -20, 60, -45, 39, 26, -93, -17, -25, 67, 30, 54, -74, 48, -3, -17, -36, -30, -29, 66, 32, -41, -91, -40, -61, 63, 61, -56, 27, -77, 15, -47, -63, -73, -89, -10, 1, -80, -42, -26, 67, 4, -80, -18, -12, -65, 26, 51, 34, -11, 46, 45, 52, -27, 45, -63, -72, 78, -64, 55, 1]
[15, 25, -78, -26, 6, 78, 67, 30, -12, -39, -80, 17, -13, 26, 82, -47, -2, -23, 60, -70, -85, -90, -98, 53, 6, 26, -4, -33, 16, -43, 76, 82, -22, -59, -18, -17, 42, -66, -41, 26, 28, 0, 89, 9, -12, -1, 25, 27, 53, 77, -84, 31, -84, 32, -45, 85, -78, -23, -90, 1, -58, 15, -81, -74, 17, -90, -14, -71, 30, 65, -48, -82, 61, 25, 33, -3, -12, -60, 53, -20, -91, -78, 13, -48, -7, -60, 2, -43, 77, -11]
[14, -74, 41, 28, -20, 34, 79, -14, 69, 90, 85, -70, 72, -93, 44, -59, -7, 5, -61, 78, 36, 93, 71, -21, -96, 97, -26, 42, 48, 40, -43, 26, -44, 51, -15, -46, 53, -28, 32, -69, 34, -21, -98, -13, 84, 18, -60, -54, -86, 62, -73, 37, 22, 74, 45, -73, -99, -65, 20, 5, -76, 63, -41, 89, -70, -17, 60, 86, -74, 88, 68, -33, 12, -78, -58, 15, 26, 35, -38, 12, 18, -71, -37, 42, 81, 36, 74, 87, 92, 31]
[33, -21, -65, 64, 1, -74, -55, 75, 89, 53, 69, -92, -15, 66, -61, -31, -59, 50, -50, 66, -47, 23, 46, 48, -42, 77, 80, 11, -34, 94, -46, -21, -34, 60, 21, -75, 80, -39, -31, -25, 41, -4, -32, -23, 26, 13, 59, -9, 93, 93, 77, 16, 35, -85, -29, 58, 86, -46, -92, 93, 57, 82, -80, -65, -87, -49, 23, -64, 98, 78, 59, -47, -78, 22, -49, 45, 54, -5, -83, -35, 41, -13, -9, -26, 25, -50, -63, 61, 60, -60]
[-33, -67, 14, -95, 3, 54, 35, 91, 36, -97, -79, 97, -3, 2, 47, 15, -74, -36, 67, 65, -19, -34, 72, -96, 59, 8, -98, -69, -96, -91, 83, -12, 85, 68, -52, -99, 34, -60, 58, 75, 97, 24, -96, -56, 54, 77, 84, -71, 69, 81, -52, 76, 96, -60, -2, 69, 64, -46, 8, 53, 98, 52, -9, 15, -6, 51, 60, 55, -45, 79, 7, -44, -32, 66, -25, 78, -65, -11, 35, 48, 15, 46, -15, 25, -22, -16, 1, -58, 61, 88]
[-45, 94, -27, 5, -13, 55, 75, 44, 62, 73, 79, 21, -98, 21, 21, 93, -23, 38, 51, -32, -25, -8, 85, 20, 76, 56, -91, 40, -99, 13, 34, -78, -56, -45, -68, -7, 80, -63, 42, 68, 0, 9, 8, 24, -77, -16, 37, -34, 10, 60, 37, 42, 41, 53, -36, -81, 80, 53, 57, -50, -70, -82, -35, 56, -26, -38, -2, 84, -93, -79, 48, 85, -56, -79, 66, -70, -52, -60, 60, 97, 89, 99, 76, -96, 59, 93, 1, 27, -38, -15]
[71, -83, -73, 68, 7, -85, 58, -98, -69, 99, 90, -7, -75, 81, -50, 12, 83, 50, -96, 91, 94, 49, -46, 20, 96, 93, 82, 72, -55, -71, 8, 29, -89, 5, 2, 11, 54, 94, 81, 87, -96, 95, 39, 29, 81, -59, -34, 97, 64, -27, 17, -46, 3, 95, 64, 28, 69, -5, -59, -17, 15, 31, 78, -71, -77, -12, 30, -15, -61, -62, -14, -51, 96, -5, -26, -87, -24, -86, -22, 1, 58, -39, -23, -72, 24, 74, 42, 36, -39, -64]
[-50, 7, -15, 17, 0, 68, 71, 24, 91, 17, -20, 90, -29, -89, 24, -32, -75, 55, -18, -27, -41, 45, -43, 28, -59, -92, -48, 13, -97, -32, 83, -78, -18, -25, -34, -45, 54, 9, 14, 25, -21, -30, 56, -30, 2, -89, -76, -48, -25, 37, 53, -97, 79, -29, 77, -91, -62, 94, -69, 43, 91, -37, 77, -17, 69, 60, -91, 30, 24, 21, 24, -9, 43, 82, 36, -38, -56, 4, -75, 41, -4, -5, 1, 22, 59, -33, -92, 23, 50, -31, -44, -13, 28, 78, -14, -78, 64, -87, 18, -47]
[-86, -6, 57, -52, -71, -76, 5, -83, -13, 96, 58, -35, 94, -23, -51, 58, 28, -3, -27, 48, 88, 63, 82, -48, -16, -55, 11, -38, 19, -39, -18, 93, 74, -72, -89, -56, -48, -27, 28, 68, -11, 47, 59, -90, 99, 63, -73, -1, -22, -39, -50, 94, 90, 68, 88, 55, -54, 56, -25, 56, 6, 77, 94, -79, -29, 1, 34, 88, 19, 59, -44, -61, 36, -77, -15, -56, 5, 52, 0, -93, -65, 12, 36, -14, -10, -12, 53, -12, 81, 34, -57, -89, -33, 95, 81, 56, -40, -47, -57, -4]
[2, 77, 91, 86, -28, -52, -89, -47, -34, -51, -91, -64, 61, -98, -73, 53, 26, 36, -33, -10, -50, 95, 67, 40, 75, 8, 67, -48, 50, -23, 94, 20, 26, -92, -28, 39, -26, -34, -18, 94, 21, -47, 9, -91, -73, 21, -59, -56, -81, 14, -12, 72, 59, -98, 85, -59, -65, 43, -86, -13, -56, -84, 39, 20, -25, -59, 35, -81, 18, 51, 98, 52, 88, 99, -16, 75, 33, -61, -9, -83, -11, -13, -55, 40, 89, 81, 28, 0, 60, -32, -77, -39, 14, 30, 83, -23, 47, 5, 27, -17]
[19, -64, -97, 69, 48, 49, 73, 12, -41, 3, -12, 77, -25, -3, 58, 89, 74, -13, 76, 55, 42, 72, -76, -68, -31, -41, 8, -21, 6, -5, 64, -16, 0, 60, -8, -60, 3, -96, -81, -38, 46, 57, -63, -40, -76, 23, 72, 78, -92, -37, -25, -22, -52, 35, -61, -7, -42, -9, -24, -88, -94, 12, -49, 29, -51, -10, 7, -67, 80, -94, 89, 1, -85, -53, -59, -6, -8, 97, 27, 52, 68, 72, 53, -52, 73, -61, -19, 59, -98, -72, 27, -98, -37, 64, -27, 96, 75, -82, -80, -70]
[93, 84, -47, 20, 92, -3, 85, -99, 1, 39, 4, -70, -50, 81, -89, 29, -97, -43, -42, 90, -15, 86, 83, -88, 53, 53, 65, -46, -27, -23, 90, 40, -83, 36, -69, -58, 6, -89, -91, 92, -34, 54, 77, -79, -31, -44, -58, -43, 13, -27, -65, -60, 13, -92, -12, 21, 36, -33, 96, 12, -63, 46, -2, 51, 6, -50, -99, -72, -30, 27, -26, 66, -57, -94, 32, -60, 21, -29, -58, 21, -79, -83, -24, 79, -8, 69, 40, 3, -64, -68, 68, 39, 64, -14, -4, -80, 47, -83, -14, -91]
[-93, 95, 74, 57, 57, -8, 93, -50, -18, -74, -88, 97, -9, 78, 83, -31, -66, 71, 22, -36, -32, -43, 74, 95, -24, -55, 72, -7, 91, -42, -53, 39, -39, -42, 61, -12, -96, 42, -71, 38, -83, 42, -93, 33, 44, 56, -70, 83, 77, 94, 5, -71, -49, 41, -74, -99, 8, 73, -61, -15, 3, 84, -80, -35, -78, 41, 43, 95, 90, -74, 22, -11, 49, 6, 8, 78, -68, -2, 9, -50, 24, -51, 45, -73, 41, 74, -11, -59, -76, 38, 43, 94, -52, -73, -50, -15, -6, -2, -99, -57]
[-16, 11, 10, -1, 6, -37, 15, -78, -19, 0, -49, -21, -85, 86, 24, -89, -2, -15, 56, -75, 69, 25, -89, -25, 6, 28, -1, 46, -82, 48, 37, -35, 9, 77, -51, -94, 49, 63, -36, 20, -15, -57, -17, -54, -41, 96, -36, -68, -67, -56, -58, 51, 83, -83, 84, 93, -86, 13, 45, 97, -42, -80, 94, -75, 70, -30, -69, -8, 75, 1, 10, 54, -22, 47, 60, -29, 65, 4, 41, -45, -16, 7, -44, 98, 30, -32, 21, -30, 96, 30, 23, 41, -41, 76, -74, -67, -97, -46, -23, -16]
[-61, 82, 85, -40, 99, 89, 20, 33, 88, 4, 94, 49, 59, 33, 53, 37, 38, 14, 49, -58, -11, 20, 68, 23, -86, -36, 74, 50, 94, 22, -44, -95, 22, -35, -46, 6, -14, -65, 28, 35, -19, 33, 48, 49, 53, 93, -84, 86, 55, -1, 86, 32, 92, -49, -19, -92, -90, -67, 40, 42, 86, 49, -31, -66, 77, -2, -22, 66, 29, 46, -71, -41, -58, 71, -17, 20, 14, -93, -93, 2, -33, 52, -62, -4, 39, 75, -71, 28, 8, 54, -63, 25, 26, 91, -26, -20, 11, -15, -68, 54]
[76, -66, 60, -70, -20, 63, -57, -54, 81, 66, 31, -1, -28, -57, 85, -45, -84, 33, -65, 74, -17, -12, -61, 97, 74, -3, -24, 78, 99, -83, -14, 63, -14, -51, -69, -33, 86, 55, 73, -3, 10, -12, 64, -32, -57, 60, 93, -42, 53, -90, -16, -94, 18, 50, 80, -34, 69, -68, -89, -38, 14, 35, -31, 62, -5, -48, -88, 10, -26, 45, -52, 25, -25, 37, -51, 56, -67, -79, 81, 83, -69, 89, -75, 84, -25, -76, 43, -92, -37, 87, -88, -5, 26, 89, -60, 21, -35, 64, -21, -21]
[-13, -21, -22, 51, 18, -42, -84, 11, 20, 90, -45, 33, 55, 40, -6, -71, -81, 83, 71, 6, -4, 73, -91, 73, 19, -24, 65, -25, -28, -18, -48, 82, -86, -1, 47, -98, -32, 11, -97, -54, -38, 48, 34, -93, 31, -97, 63, -81, 8, 16, -68, -79, -61, -97, -2, 96, 39, 47, -64, 11, -47, 2, -40, -21, -27, 37, 32, -40, 16, 34, -22, -95, 30, -90, -76, 42, -99, -14, -43, 93, -92, -67, 91, 66, 84, 20, -12, 41, -54, -74, -31, -21, 59, 72, -21, -97, -88, 43, 41, -65]
