---- better-enumeration ---------------------------

input array:        [-37, 18, 82, -72, 64, 42, -13, -96, 62, 68]
input size:         10
max sum subarray:   [18, 82, -72, 64, 42, -13, -96, 62, 68]
maximum sum:        155
runtime (microsec): 27

input array:        [20, -30, -65, 2, 44, -22, -84, -47, 84, -18]
input size:         10
max sum subarray:   [84]
maximum sum:        84
runtime (microsec): 20

input array:        [-20, -13, -85, 98, 72, -9, 76, 48, 76, -46]
input size:         10
max sum subarray:   [98, 72, -9, 76, 48, 76]
maximum sum:        361
runtime (microsec): 19

input array:        [82, 33, 98, -71, 51, 20, 27, -38, -32, -99]
input size:         10
max sum subarray:   [82, 33, 98, -71, 51, 20, 27]
maximum sum:        240
runtime (microsec): 19

input array:        [61, 12, -28, -67, -84, -90, -41, -58, -74, 53]
input size:         10
max sum subarray:   [61, 12]
maximum sum:        73
runtime (microsec): 19

input array:        [78, -36, 86, 11, 94, -42, -32, 56, -20, 16]
input size:         10
max sum subarray:   [78, -36, 86, 11, 94]
maximum sum:        233
runtime (microsec): 19

input array:        [-78, -63, 25, -48, 21, -39, 60, -17, -94, -58]
input size:         10
max sum subarray:   [60]
maximum sum:        60
runtime (microsec): 19

input array:        [-66, 32, -36, 74, 25, -3, -21, -43, 99, 0]
input size:         10
max sum subarray:   [74, 25, -3, -21, -43, 99]
maximum sum:        131
runtime (microsec): 19

input array:        [-92, -9, -54, 63, -74, 7, -54, -82, -88, -85]
input size:         10
max sum subarray:   [63]
maximum sum:        63
runtime (microsec): 19

input array:        [-85, 15, -71, 90, -98, 77, 53, 29, -66, 15]
input size:         10
max sum subarray:   [77, 53, 29]
maximum sum:        159
runtime (microsec): 19

input array:        [38, -98, -94, -90, -15, -81, -35, -88, 11, 16, 59, 43, 54, -90, 7, 93, -13, 34, -50, -78]
input size:         20
max sum subarray:   [11, 16, 59, 43, 54, -90, 7, 93, -13, 34]
maximum sum:        214
runtime (microsec): 41

input array:        [-20, -33, 62, -64, 56, -20, 91, -12, 81, -5, -10, -16, 24, -36, 54, -95, -56, -33, 13, 53]
input size:         20
max sum subarray:   [56, -20, 91, -12, 81, -5, -10, -16, 24, -36, 54]
maximum sum:        207
runtime (microsec): 41

input array:        [-24, -14, 2, -45, 71, -8, -1, -69, 29, -86, -43, -71, -14, 85, 62, 78, -13, 93, 80, 34]
input size:         20
max sum subarray:   [85, 62, 78, -13, 93, 80, 34]
maximum sum:        419
runtime (microsec): 42

input array:        [-98, -68, 30, 61, -42, -80, -6, 15, 76, -62, -95, -42, 75, -15, 29, 33, -61, 52, 73, 33]
input size:         20
max sum subarray:   [75, -15, 29, 33, -61, 52, 73, 33]
maximum sum:        219
runtime (microsec): 41

input array:        [-2, -82, -51, -22, -76, -81, 58, -63, 48, 27, 40, 67, -63, 54, 32, 17, 77, -24, -50, -67]
input size:         20
max sum subarray:   [48, 27, 40, 67, -63, 54, 32, 17, 77]
maximum sum:        299
runtime (microsec): 41

input array:        [-39, 82, -59, -82, 42, -68, -17, 75, -15, -74, 56, -32, 98, 1, 77, 61, 87, 96, 75, 95]
input size:         20
max sum subarray:   [56, -32, 98, 1, 77, 61, 87, 96, 75, 95]
maximum sum:        614
runtime (microsec): 47

input array:        [31, -22, -32, 49, 15, 68, 83, -81, -85, -10, 94, 93, 75, 29, 36, -98, -77, 8, 17, 50]
input size:         20
max sum subarray:   [49, 15, 68, 83, -81, -85, -10, 94, 93, 75, 29, 36]
maximum sum:        366
runtime (microsec): 41

input array:        [-57, -14, -24, -18, 25, 79, -45, 46, 62, 45, 83, 23, -90, 37, 65, -75, -21, -67, -86, -42]
input size:         20
max sum subarray:   [25, 79, -45, 46, 62, 45, 83, 23, -90, 37, 65]
maximum sum:        330
runtime (microsec): 41

input array:        [60, -64, 99, 50, 75, -42, -93, -97, 85, 45, 10, -94, -91, 0, -93, -92, -50, -64, -18, -68]
input size:         20
max sum subarray:   [99, 50, 75]
maximum sum:        224
runtime (microsec): 42

input array:        [89, 41, -46, 0, -92, -69, -95, 75, -70, 19, -67, 20, 61, 33, 28, 24, 14, -2, -94, 64]
input size:         20
max sum subarray:   [20, 61, 33, 28, 24, 14]
maximum sum:        180
runtime (microsec): 40

input array:        [-22, -81, -87, -32, -6, -97, -73, -65, -94, -8, -98, -76, -51, -31, 7, -40, 89, 42, -12, -13, -40, -71, 16, 24, 91, 14, 30, -98, -94, 94]
input size:         30
max sum subarray:   [16, 24, 91, 14, 30]
maximum sum:        175
runtime (microsec): 75

input array:        [32, 78, 58, 86, -14, -7, -46, 13, -96, -83, 15, 63, 7, -33, -26, -28, -23, 47, -90, -27, 53, 8, 44, -89, 71, -75, 33, -56, 63, 76]
input size:         30
max sum subarray:   [32, 78, 58, 86]
maximum sum:        254
runtime (microsec): 74

input array:        [35, -90, -68, 35, -40, -57, -86, 39, -56, 65, 13, -74, 70, 29, -1, 29, -31, 98, -50, -36, 34, 99, -53, -12, 44, 10, -22, 66, 78, 98]
input size:         30
max sum subarray:   [65, 13, -74, 70, 29, -1, 29, -31, 98, -50, -36, 34, 99, -53, -12, 44, 10, -22, 66, 78, 98]
maximum sum:        454
runtime (microsec): 72

input array:        [3, 84, 0, 50, 84, -77, 29, 10, -47, 95, 40, 96, -6, 13, 76, -29, -72, -49, -48, 99, 78, -23, -47, 84, 17, 7, 48, -8, 21, 42]
input size:         30
max sum subarray:   [3, 84, 0, 50, 84, -77, 29, 10, -47, 95, 40, 96, -6, 13, 76, -29, -72, -49, -48, 99, 78, -23, -47, 84, 17, 7, 48, -8, 21, 42]
maximum sum:        570
runtime (microsec): 72

input array:        [-21, 88, 88, 99, 69, -73, 10, 82, -16, -38, -56, 49, -74, 84, -31, -1, 94, 90, -92, 84, -51, 2, -50, -62, 57, -11, 57, -75, -47, -16]
input size:         30
max sum subarray:   [88, 88, 99, 69, -73, 10, 82, -16, -38, -56, 49, -74, 84, -31, -1, 94, 90]
maximum sum:        464
runtime (microsec): 73

input array:        [28, 1, 23, 63, 95, 49, -81, 52, -37, 8, -4, -37, -51, -1, -80, -2, -62, 29, 6, 48, 55, -42, -61, -20, 93, -49, -17, -67, 43, -75]
input size:         30
max sum subarray:   [28, 1, 23, 63, 95, 49]
maximum sum:        259
runtime (microsec): 74

input array:        [-84, -88, 10, 52, 56, 84, -77, -89, 70, 63, -19, 9, -44, -97, 52, -7, 16, 74, -43, 1, 3, -77, -49, 32, -97, -45, 14, 11, 24, -80]
input size:         30
max sum subarray:   [10, 52, 56, 84]
maximum sum:        202
runtime (microsec): 74

input array:        [0, -52, 15, -22, -52, 6, -39, 33, -15, 51, -19, 13, -5, 27, 88, 18, -69, -11, 42, -60, -10, 85, 81, -68, -48, 56, 50, 75, 41, 88]
input size:         30
max sum subarray:   [33, -15, 51, -19, 13, -5, 27, 88, 18, -69, -11, 42, -60, -10, 85, 81, -68, -48, 56, 50, 75, 41, 88]
maximum sum:        443
runtime (microsec): 72

input array:        [86, -48, -5, -83, 75, -3, 21, -6, 50, 65, 38, 75, 44, 65, -80, -55, 30, 16, 66, 19, 41, 77, -38, -59, -26, 26, 75, 12, 98, -29]
input size:         30
max sum subarray:   [75, -3, 21, -6, 50, 65, 38, 75, 44, 65, -80, -55, 30, 16, 66, 19, 41, 77, -38, -59, -26, 26, 75, 12, 98]
maximum sum:        626
runtime (microsec): 79

input array:        [-77, 48, -33, 94, -90, -53, 7, -33, 97, 53, 32, 53, -56, 51, -98, 72, -55, 56, 74, 32, 16, 38, -91, -42, 94, 55, 90, 74, 57, -90]
input size:         30
max sum subarray:   [97, 53, 32, 53, -56, 51, -98, 72, -55, 56, 74, 32, 16, 38, -91, -42, 94, 55, 90, 74, 57]
maximum sum:        602
runtime (microsec): 73

input array:        [-59, 66, -34, -82, 34, -60, -65, -88, 23, 32, 80, -80, -13, 87, 74, 20, 70, -42, 35, 38, 16, 76, 56, -17, -66, 4, 36, -24, -21, -63, -12, 13, 18, 67, 9, -17, 19, -70, 37, -35]
input size:         40
max sum subarray:   [23, 32, 80, -80, -13, 87, 74, 20, 70, -42, 35, 38, 16, 76, 56]
maximum sum:        472
runtime (microsec): 113

input array:        [90, 93, 43, -75, 26, 46, -12, 76, 67, 40, -30, 52, 1, -39, -92, -14, 81, 81, 12, -67, -26, 58, 89, -40, -19, 82, 51, 47, 66, -28, -93, -24, 98, 63, 98, -53, -43, -80, -4, -24]
input size:         40
max sum subarray:   [90, 93, 43, -75, 26, 46, -12, 76, 67, 40, -30, 52, 1, -39, -92, -14, 81, 81, 12, -67, -26, 58, 89, -40, -19, 82, 51, 47, 66, -28, -93, -24, 98, 63, 98]
maximum sum:        801
runtime (microsec): 115

input array:        [-59, -73, -15, 30, -46, -58, -70, 19, -61, 24, 58, -56, 71, -6, 33, -17, -99, 53, -59, 13, -18, 44, 34, 98, -87, -8, -88, -2, -34, -92, -36, -59, 66, 73, -53, -57, 75, -33, 1, -64]
input size:         40
max sum subarray:   [44, 34, 98]
maximum sum:        176
runtime (microsec): 119

input array:        [41, 48, 21, -60, 26, -40, 86, 95, -99, -78, 78, 61, -80, 34, 80, -8, 7, 19, 60, -63, -4, 73, -71, 98, 69, -19, 67, 84, -88, -52, -98, -75, 35, 86, 50, 94, 12, -64, 22, -9]
input size:         40
max sum subarray:   [41, 48, 21, -60, 26, -40, 86, 95, -99, -78, 78, 61, -80, 34, 80, -8, 7, 19, 60, -63, -4, 73, -71, 98, 69, -19, 67, 84]
maximum sum:        525
runtime (microsec): 115

input array:        [-45, -19, -69, -55, 35, 33, 54, -4, 78, -51, 60, -94, 22, 5, -64, 44, -95, 59, 16, -87, -15, -79, -98, 98, -97, 31, 82, 85, 75, 98, -50, 50, -63, -86, -81, -73, -20, -17, -93, -21]
input size:         40
max sum subarray:   [98, -97, 31, 82, 85, 75, 98]
maximum sum:        372
runtime (microsec): 119

input array:        [58, -78, -70, -60, -20, -28, -1, -67, -81, -87, -67, -75, 48, -60, -16, -57, 67, 32, -34, 38, -71, 4, 3, 76, -23, 80, 95, 52, -40, 21, 2, -66, -81, -99, -54, 54, 78, -96, 14, 98]
input size:         40
max sum subarray:   [67, 32, -34, 38, -71, 4, 3, 76, -23, 80, 95, 52]
maximum sum:        319
runtime (microsec): 117

input array:        [32, -79, 78, -17, 78, 16, 76, -71, 46, -90, -56, 11, -12, -37, 21, 90, 57, 29, 35, 91, 52, 28, -99, 13, -77, 40, -96, 78, -30, 56, 22, 87, 75, -59, 77, 7, 85, 26, -9, -85]
input size:         40
max sum subarray:   [78, -17, 78, 16, 76, -71, 46, -90, -56, 11, -12, -37, 21, 90, 57, 29, 35, 91, 52, 28, -99, 13, -77, 40, -96, 78, -30, 56, 22, 87, 75, -59, 77, 7, 85, 26]
maximum sum:        630
runtime (microsec): 118

input array:        [20, -20, 7, 94, -52, 49, 54, -17, -17, -94, -48, -48, -90, -87, 91, -40, 78, 78, 66, -56, -29, -93, 7, 50, -28, 35, -21, -1, -91, -13, -87, 0, -17, 28, -17, -25, -46, 21, -46, -14]
input size:         40
max sum subarray:   [91, -40, 78, 78, 66]
maximum sum:        273
runtime (microsec): 118

input array:        [-92, -92, 86, 32, 81, 11, -16, -82, 72, 3, -3, -5, 71, 26, -32, 38, -18, -64, 89, 63, 61, -38, -2, 18, 7, 85, 7, 84, 86, 76, 98, -21, -14, -41, 66, 76, 60, 21, 51, 66]
input size:         40
max sum subarray:   [86, 32, 81, 11, -16, -82, 72, 3, -3, -5, 71, 26, -32, 38, -18, -64, 89, 63, 61, -38, -2, 18, 7, 85, 7, 84, 86, 76, 98, -21, -14, -41, 66, 76, 60, 21, 51, 66]
maximum sum:        1098
runtime (microsec): 117

input array:        [81, 61, -74, -68, -60, 10, -53, -21, 97, 75, 35, 87, 3, -75, -91, -27, 90, -13, -92, 68, 53, 78, 57, -88, 90, -34, -96, 84, -65, 2, 95, -69, 99, 69, 47, 58, -65, -13, -95, 76]
input size:         40
max sum subarray:   [97, 75, 35, 87, 3, -75, -91, -27, 90, -13, -92, 68, 53, 78, 57, -88, 90, -34, -96, 84, -65, 2, 95, -69, 99, 69, 47, 58]
maximum sum:        537
runtime (microsec): 115

input array:        [12, 3, 42, 32, -58, 23, -14, -84, -99, 76, 37, -59, 91, 8, -58, 47, 37, 30, 87, 85, -91, -26, 26, 61, -31, -65, 59, -66, 65, 27, 66, 53, 65, 25, 53, -71, 40, 29, -37, 36, 88, -75, -55, 14, 48, -5, 34, -20, -91, -57]
input size:         50
max sum subarray:   [76, 37, -59, 91, 8, -58, 47, 37, 30, 87, 85, -91, -26, 26, 61, -31, -65, 59, -66, 65, 27, 66, 53, 65, 25, 53, -71, 40, 29, -37, 36, 88]
maximum sum:        687
runtime (microsec): 170

input array:        [-84, -33, 76, 68, -97, -4, -67, -71, -8, 57, -54, 30, 30, -34, -85, 36, -68, -27, 78, -27, 74, -42, -40, -6, 96, -88, -27, -56, -57, -77, 20, -89, 74, -17, 17, -50, 56, 96, 91, -9, -58, -80, -50, -52, -28, 83, -12, -69, 87, 8]
input size:         50
max sum subarray:   [74, -17, 17, -50, 56, 96, 91]
maximum sum:        267
runtime (microsec): 173

input array:        [95, -21, 94, -78, 51, 42, 83, 54, -75, -71, -32, 98, 38, 6, -21, -97, 55, -68, 63, -22, -83, -52, 12, -44, -93, 34, -48, -75, -53, 12, -79, 31, 39, -6, -18, 13, 39, -88, 18, 22, -85, 8, 95, 20, -3, 75, -14, -25, 44, 36]
input size:         50
max sum subarray:   [95, -21, 94, -78, 51, 42, 83, 54]
maximum sum:        320
runtime (microsec): 177

input array:        [88, -35, 85, 44, -74, -81, 51, 98, 85, -14, -59, -48, -63, 78, 12, -68, -57, 63, 52, -20, 78, 54, 9, -95, 41, -97, -14, -30, -92, -4, 34, 0, 33, -51, -87, 51, -61, -57, 61, -59, 11, -16, -14, 48, 48, 3, 12, -3, -18, 9]
input size:         50
max sum subarray:   [88, -35, 85, 44, -74, -81, 51, 98, 85, -14, -59, -48, -63, 78, 12, -68, -57, 63, 52, -20, 78, 54, 9]
maximum sum:        278
runtime (microsec): 172

input array:        [97, 36, 1, 50, 96, -91, -58, 26, -29, -38, -90, -34, 96, -41, -56, 60, 48, -18, -17, 22, -1, -15, -70, 62, 17, 58, 64, -26, 70, -63, -10, 7, -54, 78, -25, 83, 25, 32, -36, 23, 45, -21, 18, 52, 26, -85, 87, -94, -15, -55]
input size:         50
max sum subarray:   [60, 48, -18, -17, 22, -1, -15, -70, 62, 17, 58, 64, -26, 70, -63, -10, 7, -54, 78, -25, 83, 25, 32, -36, 23, 45, -21, 18, 52, 26, -85, 87]
maximum sum:        436
runtime (microsec): 168

input array:        [54, 68, 97, 77, -72, -67, -5, -18, -79, 94, 56, -99, -93, 68, -19, 28, -77, 41, 35, -23, -23, 48, -51, 86, -30, 59, -57, -43, -39, -69, -29, -90, -85, 26, -51, -2, 23, 0, 63, 28, -21, -15, 65, -69, -83, 51, 5, -25, 23, -16]
input size:         50
max sum subarray:   [54, 68, 97, 77]
maximum sum:        296
runtime (microsec): 172

input array:        [-27, -92, -26, -83, -84, 82, -66, 89, -82, 57, -9, 60, -51, 72, -62, -77, 76, 78, 99, 42, 46, -57, 95, 69, 10, -86, -35, -66, 21, -46, 91, -71, 95, 76, 52, -32, -96, 63, -89, 84, 49, -69, 29, -89, -68, 95, 6, -31, 33, 58]
input size:         50
max sum subarray:   [82, -66, 89, -82, 57, -9, 60, -51, 72, -62, -77, 76, 78, 99, 42, 46, -57, 95, 69, 10, -86, -35, -66, 21, -46, 91, -71, 95, 76, 52]
maximum sum:        502
runtime (microsec): 171

input array:        [89, -96, -12, -3, -47, -47, -23, 89, 59, -52, 50, -71, 95, -38, 56, 49, -44, 22, -67, -16, -72, 26, 93, -48, 20, 71, 13, 33, 61, 66, -39, 70, -10, 32, 87, 61, -49, -32, 88, -91, 66, -73, 27, 18, 76, 77, -53, -53, -5, -36]
input size:         50
max sum subarray:   [89, 59, -52, 50, -71, 95, -38, 56, 49, -44, 22, -67, -16, -72, 26, 93, -48, 20, 71, 13, 33, 61, 66, -39, 70, -10, 32, 87, 61, -49, -32, 88, -91, 66, -73, 27, 18, 76, 77]
maximum sum:        703
runtime (microsec): 176

input array:        [-45, 86, 38, 69, 5, -42, 70, -24, -88, 58, 22, -35, -37, 81, -4, 87, -10, 85, -45, -67, 68, -92, 77, -89, -13, -8, 86, -73, 60, -82, -97, -88, -72, -30, -78, -47, 4, 70, -3, 98, 3, 81, 76, 2, -48, 19, 2, -95, -44, -92]
input size:         50
max sum subarray:   [86, 38, 69, 5, -42, 70, -24, -88, 58, 22, -35, -37, 81, -4, 87, -10, 85]
maximum sum:        361
runtime (microsec): 170

input array:        [-74, -80, -83, 99, -28, 16, 55, 51, 85, 72, -12, -39, 82, -64, -60, 57, 51, 46, 63, -84, 35, -49, -41, 82, 84, -91, -1, 41, 83, -86, -5, 89, -17, 98, -79, -49, -34, -69, 68, -88, -38, -14, -1, -99, 36, 91, 95, 51, 22, 45]
input size:         50
max sum subarray:   [99, -28, 16, 55, 51, 85, 72, -12, -39, 82, -64, -60, 57, 51, 46, 63, -84, 35, -49, -41, 82, 84, -91, -1, 41, 83, -86, -5, 89, -17, 98]
maximum sum:        612
runtime (microsec): 169

input array:        [-19, 86, -91, -70, -26, 85, 71, -41, 39, 33, -23, -64, 33, -59, -74, -6, -63, -16, 8, -10, 5, 26, -58, -10, -57, 26, 87, 34, 49, 67, 71, -68, 51, 2, -36, -7, 54, 51, 91, -19, -59, -54, -93, 35, 96, 56, 18, -34, 32, -28, -84, -24, -85, 29, 64, -38, 12, 60, 24, -87]
input size:         60
max sum subarray:   [26, 87, 34, 49, 67, 71, -68, 51, 2, -36, -7, 54, 51, 91]
maximum sum:        472
runtime (microsec): 233

input array:        [-54, -89, 9, -29, 80, 81, 95, 17, 11, -70, -45, -19, -84, 37, 33, -60, 53, -92, 47, 68, -62, -96, -87, -5, -32, 13, -22, 13, -76, 52, -29, 37, -65, -85, -84, -34, -20, 72, 19, 79, -74, -53, 89, 46, -37, -27, -29, 73, -92, -48, 51, -4, -84, 21, 70, 70, -33, 92, -37, -6]
input size:         60
max sum subarray:   [80, 81, 95, 17, 11]
maximum sum:        284
runtime (microsec): 242

input array:        [94, -80, -37, -38, -92, 20, 94, -33, -63, 40, -96, 28, -65, -51, -67, -88, -54, -27, -79, -35, -32, -91, -41, 56, -91, 74, -42, -24, -29, 30, -69, -95, -16, 67, 94, 5, -84, -47, -14, -70, 25, 94, -87, -15, 39, 69, -36, -35, 18, 53, -48, -55, 62, 29, -49, 76, -34, -45, -54, -10]
input size:         60
max sum subarray:   [67, 94, 5]
maximum sum:        166
runtime (microsec): 241

input array:        [32, 24, -6, 78, 83, -86, 67, 32, 44, 4, -29, -91, -3, 75, 3, 78, -44, 81, -94, -58, -30, 32, 79, 99, -94, -72, 77, -48, -17, -90, 75, -14, 55, -67, 79, 54, 43, -50, 55, -18, -50, -73, -22, -83, 71, -26, -93, -53, 94, 24, 92, 34, 97, -75, -74, 12, 18, -8, -36, 13]
input size:         60
max sum subarray:   [32, 24, -6, 78, 83, -86, 67, 32, 44, 4, -29, -91, -3, 75, 3, 78, -44, 81, -94, -58, -30, 32, 79, 99]
maximum sum:        370
runtime (microsec): 233

input array:        [10, -19, 15, 83, 87, 69, 59, 68, -60, 68, -86, 9, 34, 16, -33, -32, -26, 7, -75, 84, 43, -93, -33, 71, 80, 79, -81, -46, -29, -59, -1, -84, -8, -75, 29, -84, -16, 61, 8, -68, -19, -81, 4, -60, 16, -39, 40, 7, 75, 93, 78, 88, 8, 32, 33, 66, 35, 0, -78, -85]
input size:         60
max sum subarray:   [40, 7, 75, 93, 78, 88, 8, 32, 33, 66, 35]
maximum sum:        555
runtime (microsec): 237

input array:        [18, 31, 22, 41, 97, 26, -33, 64, 20, 89, -57, 68, 1, 47, -67, -77, 29, -2, 7, -35, -41, -77, -39, 98, -36, -32, -66, 25, 58, -81, 39, 77, -79, 8, -94, 98, 89, -19, -92, -12, 74, -15, 93, -54, -24, 66, -83, 50, -17, -58, 2, -83, 12, 51, -46, -62, -8, -85, -63, 89]
input size:         60
max sum subarray:   [18, 31, 22, 41, 97, 26, -33, 64, 20, 89, -57, 68, 1, 47]
maximum sum:        434
runtime (microsec): 243

input array:        [-68, -87, -3, 4, -59, 50, -59, 96, 97, -81, -32, 85, -90, -10, 93, 35, 48, -67, 64, -12, -39, 77, -92, 8, 77, -30, -21, -89, -46, -99, 94, 27, 97, -55, 72, 58, 27, 86, 11, 71, -49, 70, -93, 53, 31, 29, -59, -64, -54, -80, -77, -20, 93, 69, -47, 20, 49, -95, -26, 62]
input size:         60
max sum subarray:   [94, 27, 97, -55, 72, 58, 27, 86, 11, 71, -49, 70, -93, 53, 31, 29]
maximum sum:        529
runtime (microsec): 234

input array:        [-96, -72, -60, 36, 50, -63, -42, 53, 93, 42, -79, 0, 77, 17, 26, -84, 96, 54, -95, 12, -13, -80, 88, 44, 4, 18, -20, -11, -69, -4, 5, 53, -27, 32, -90, -35, 33, 66, 81, -30, 69, -47, 2, 43, 91, -38, 33, 45, -33, 2, 2, 18, -40, 30, 6, -5, -38, -14, -12, -8]
input size:         60
max sum subarray:   [53, 93, 42, -79, 0, 77, 17, 26, -84, 96, 54, -95, 12, -13, -80, 88, 44, 4, 18, -20, -11, -69, -4, 5, 53, -27, 32, -90, -35, 33, 66, 81, -30, 69, -47, 2, 43, 91, -38, 33, 45]
maximum sum:        455
runtime (microsec): 227

input array:        [73, 52, 41, 78, 84, 12, -43, 5, -66, -49, 22, -16, 93, -62, -78, 40, 90, 90, -35, 6, -13, 22, -59, -34, -11, 35, 38, 82, 87, 61, 60, -6, -79, 82, 95, 88, 74, -37, 46, 28, 14, 20, -8, 69, -83, -35, 34, -84, 81, 45, 61, -65, -24, -30, -52, 88, -73, 92, -65, -75]
input size:         60
max sum subarray:   [73, 52, 41, 78, 84, 12, -43, 5, -66, -49, 22, -16, 93, -62, -78, 40, 90, 90, -35, 6, -13, 22, -59, -34, -11, 35, 38, 82, 87, 61, 60, -6, -79, 82, 95, 88, 74, -37, 46, 28, 14, 20, -8, 69, -83, -35, 34, -84, 81, 45, 61]
maximum sum:        1010
runtime (microsec): 238

input array:        [4, 11, 79, 2, -80, -38, 41, 72, -5, -35, -44, 19, 38, -60, -56, -1, 60, -4, -36, -69, -10, 52, -75, -30, -82, 48, -89, 35, 20, 66, -12, 74, 42, -56, 48, -90, 61, -40, 91, 30, 26, -68, -34, -42, -25, -48, 82, 35, 34, -56, -71, -81, -25, -73, -41, -53, -10, -44, -93, -11]
input size:         60
max sum subarray:   [35, 20, 66, -12, 74, 42, -56, 48, -90, 61, -40, 91, 30, 26]
maximum sum:        295
runtime (microsec): 242

input array:        [76, 86, -36, 36, 53, -30, 48, -38, 8, 7, 95, 21, 38, -60, 93, 73, 2, -27, 19, -78, -8, 70, -18, -99, -73, -78, -41, -21, -19, 40, 58, 13, -77, 66, -1, -31, 89, 17, -70, -51, 76, 7, 63, 64, 11, 86, 75, 4, 86, 26, -27, 30, -90, 27, -51, 12, -31, 66, 92, -53, 1, 84, -20, -52, -68, -98, 21, -61, -70, 69]
input size:         70
max sum subarray:   [76, 86, -36, 36, 53, -30, 48, -38, 8, 7, 95, 21, 38, -60, 93, 73, 2, -27, 19, -78, -8, 70, -18, -99, -73, -78, -41, -21, -19, 40, 58, 13, -77, 66, -1, -31, 89, 17, -70, -51, 76, 7, 63, 64, 11, 86, 75, 4, 86, 26, -27, 30, -90, 27, -51, 12, -31, 66, 92, -53, 1, 84]
maximum sum:        710
runtime (microsec): 315

input array:        [-96, 53, 93, -73, 38, -15, 24, -86, 23, -62, 8, -13, -99, 67, -61, -40, 13, -45, -84, -61, 42, 13, -28, -6, -78, -19, -79, 31, 34, 0, -61, -87, 21, 39, -72, 44, 69, 60, -97, 17, -30, 20, 67, -48, 77, -21, 60, -71, 46, -64, -60, -21, 70, -91, -73, 83, -97, 22, -26, 77, -76, 61, -68, -30, 5, 68, -36, -14, -40, -82]
input size:         70
max sum subarray:   [44, 69, 60, -97, 17, -30, 20, 67, -48, 77, -21, 60]
maximum sum:        218
runtime (microsec): 321

input array:        [-40, -53, -98, 85, -97, -13, -57, -35, 21, 87, 29, 48, -56, 35, -13, -33, 28, 63, 20, -2, -25, -91, -67, -63, 63, 76, -58, -58, -7, -76, -98, -19, -19, -51, -62, 35, 38, 24, -39, -59, -39, 14, 11, -43, -25, 48, 84, -54, 72, 70, -87, 45, -77, -60, -32, 1, 44, 66, -46, -90, -58, 16, 88, 96, 3, -91, -73, 55, -34, -4]
input size:         70
max sum subarray:   [21, 87, 29, 48, -56, 35, -13, -33, 28, 63, 20]
maximum sum:        229
runtime (microsec): 325

input array:        [46, -88, -93, 34, -92, -68, -31, 54, 13, 85, -43, 80, -28, -75, -41, 4, 91, -7, 95, -60, 71, -73, -82, -36, -98, 79, -37, 72, 44, -17, -37, -29, 87, -90, 30, 94, -78, -68, -50, -85, 33, 74, 97, -78, -28, 69, 45, 47, 23, -49, 28, -15, -60, -14, 10, 48, 22, -80, 26, -8, -35, 31, -62, 99, -42, -60, -15, 88, -45, -89]
input size:         70
max sum subarray:   [33, 74, 97, -78, -28, 69, 45, 47, 23]
maximum sum:        282
runtime (microsec): 318

input array:        [-14, -46, 95, 55, -46, 50, 9, 25, 21, -80, 79, -39, -54, 66, 42, 97, -65, -22, 8, 82, -53, -10, -89, -5, -58, -5, -36, 3, -32, -99, 68, 33, 56, 53, -65, -82, -80, 37, 93, -2, 14, -19, -36, -71, 10, -97, 28, 8, 58, -57, 4, -5, -5, 62, 98, -25, -46, 12, 73, 32, 60, -95, 78, 45, -72, 80, -66, -3, 66, -30]
input size:         70
max sum subarray:   [28, 8, 58, -57, 4, -5, -5, 62, 98, -25, -46, 12, 73, 32, 60, -95, 78, 45, -72, 80]
maximum sum:        333
runtime (microsec): 315

input array:        [-99, -14, 8, 42, 98, -12, -23, -67, 96, 19, -75, -34, 10, -81, -46, 55, 36, 47, -91, 66, -85, 48, -35, 62, -19, 21, -89, -23, 50, 31, 76, -25, -92, 79, -33, -37, 93, -62, -57, 89, 43, -21, 17, -97, 18, 75, 52, 88, 30, -13, -58, -65, 36, 91, 14, -70, -4, -24, -34, 1, -75, 66, 82, -76, 80, 70, -83, 40, 64, -25]
input size:         70
max sum subarray:   [50, 31, 76, -25, -92, 79, -33, -37, 93, -62, -57, 89, 43, -21, 17, -97, 18, 75, 52, 88, 30, -13, -58, -65, 36, 91, 14, -70, -4, -24, -34, 1, -75, 66, 82, -76, 80, 70, -83, 40, 64]
maximum sum:        359
runtime (microsec): 311

input array:        [-31, 28, -50, -12, 97, 50, 47, -88, 73, -94, -11, 85, -79, 35, -19, -10, -82, -93, -48, -84, -45, 38, 58, 89, 13, 84, 37, -18, -12, 18, 71, 36, 49, 41, 97, -86, 30, -18, 11, -48, 30, 6, 79, -4, 26, 1, -40, 21, -36, 78, 47, 68, -16, 76, -81, 91, -56, -65, -94, 27, -95, -22, 12, 67, -84, 2, 33, -98, -77, -78]
input size:         70
max sum subarray:   [38, 58, 89, 13, 84, 37, -18, -12, 18, 71, 36, 49, 41, 97, -86, 30, -18, 11, -48, 30, 6, 79, -4, 26, 1, -40, 21, -36, 78, 47, 68, -16, 76, -81, 91]
maximum sum:        836
runtime (microsec): 313

input array:        [34, -62, 71, -35, 50, -85, -67, -33, 84, 54, 42, 64, 11, 15, -22, -79, -13, -58, -36, -29, -18, 75, -77, 62, -2, 66, -51, -40, 34, 29, -21, 13, -72, 56, 83, -50, -87, 45, 6, -40, -72, 23, -4, 70, 69, 44, -8, 51, -64, -66, 82, -59, -88, 41, -47, -24, -12, 83, 45, -79, 41, 98, -25, 51, 39, -24, 59, -32, -50, 51]
input size:         70
max sum subarray:   [23, -4, 70, 69, 44, -8, 51, -64, -66, 82, -59, -88, 41, -47, -24, -12, 83, 45, -79, 41, 98, -25, 51, 39, -24, 59]
maximum sum:        296
runtime (microsec): 311

input array:        [44, -47, 36, -69, -23, -58, 65, -56, -56, 92, 49, 58, -38, 17, -91, 68, 44, 55, 41, -49, -48, 10, -13, 58, -16, -73, -70, 96, 49, 92, 84, 89, 46, 51, 17, -29, 39, 87, 86, -91, 20, 59, -17, -46, -94, -42, -81, 65, -99, -86, 81, 41, 55, 76, 67, 54, 40, -22, -88, 23, 98, -74, -28, -96, 29, -60, 30, 42, 34, 67]
input size:         70
max sum subarray:   [92, 49, 58, -38, 17, -91, 68, 44, 55, 41, -49, -48, 10, -13, 58, -16, -73, -70, 96, 49, 92, 84, 89, 46, 51, 17, -29, 39, 87, 86, -91, 20, 59, -17, -46, -94, -42, -81, 65, -99, -86, 81, 41, 55, 76, 67, 54, 40, -22, -88, 23, 98]
maximum sum:        814
runtime (microsec): 322

input array:        [-59, 6, 78, 63, 40, -51, -85, -10, 29, 89, 43, 65, 3, 59, 0, -54, 67, 32, 11, -98, 14, -28, 12, 90, -8, -9, -18, -53, -76, 13, -35, -64, 15, 66, -91, -75, 13, -32, 51, 99, -50, 3, -91, 78, 81, -26, 34, 4, -23, -82, -45, 36, -22, 54, 89, 36, 6, 3, -97, -93, -26, -47, 52, -50, 86, 68, 4, 32, 46, 80]
input size:         70
max sum subarray:   [6, 78, 63, 40, -51, -85, -10, 29, 89, 43, 65, 3, 59, 0, -54, 67, 32, 11]
maximum sum:        385
runtime (microsec): 312

input array:        [51, -89, -72, 95, -18, -42, -67, -40, 99, 25, 92, 10, -56, 39, 21, 11, -67, -42, -71, 32, 22, -14, -25, 43, -3, -10, 50, 94, -92, 29, -47, 69, 51, 62, -8, 73, 16, 70, 2, 81, -22, 38, 60, -77, 46, 86, 28, -92, 9, 75, -33, -16, 9, 16, -56, 82, -39, 45, -23, 43, 57, 50, -60, -10, -57, -70, -33, -52, 1, -23, 8, 27, -51, -55, -18, -66, 13, -64, 27, 64]
input size:         80
max sum subarray:   [99, 25, 92, 10, -56, 39, 21, 11, -67, -42, -71, 32, 22, -14, -25, 43, -3, -10, 50, 94, -92, 29, -47, 69, 51, 62, -8, 73, 16, 70, 2, 81, -22, 38, 60, -77, 46, 86, 28, -92, 9, 75, -33, -16, 9, 16, -56, 82, -39, 45, -23, 43, 57, 50]
maximum sum:        842
runtime (microsec): 407

input array:        [-40, -79, 99, -38, -52, 10, 47, 13, 69, 36, -85, 20, -2, 59, 44, 65, -8, 54, 26, 74, 82, 5, -1, 97, -45, -72, 35, 73, 19, 59, 99, -39, -56, 2, -36, -91, -3, 80, 68, -69, -46, -21, 28, -40, 16, -18, -64, 19, -55, -82, -89, 60, -29, 67, -60, 93, 26, -68, 74, 88, 98, -11, 53, -41, 29, -85, -40, 95, -20, 83, -99, -37, 20, -73, -19, -24, 63, -87, -80, -76]
input size:         80
max sum subarray:   [99, -38, -52, 10, 47, 13, 69, 36, -85, 20, -2, 59, 44, 65, -8, 54, 26, 74, 82, 5, -1, 97, -45, -72, 35, 73, 19, 59, 99]
maximum sum:        782
runtime (microsec): 411

input array:        [97, 63, 37, 80, 34, -57, -8, -66, 63, 57, 58, -49, -98, 78, -13, -86, -36, 8, 80, -89, -28, -52, -29, 84, -89, 20, -77, 16, 89, 95, 93, 55, -69, -75, -46, 19, 30, 79, -9, -14, -77, -23, 69, 12, 0, 57, 57, -94, -84, 31, 94, 71, 66, 11, 18, 75, 9, -97, -84, 21, -3, 25, 12, 77, 96, -96, -60, -75, -13, -88, -72, 77, -87, 72, 44, -94, -20, 55, -12, -36]
input size:         80
max sum subarray:   [16, 89, 95, 93, 55, -69, -75, -46, 19, 30, 79, -9, -14, -77, -23, 69, 12, 0, 57, 57, -94, -84, 31, 94, 71, 66, 11, 18, 75, 9, -97, -84, 21, -3, 25, 12, 77, 96]
maximum sum:        602
runtime (microsec): 405

input array:        [-78, 86, 50, 34, 16, -88, 8, -83, -94, -2, 17, -23, -52, -24, 9, 61, 47, 78, 88, 23, 52, 67, 53, 22, -63, -92, -4, -45, 25, -44, -41, -11, -33, 31, -41, -28, -7, 42, 32, 11, -61, 69, 57, -28, -29, 29, -71, 52, 44, 31, -59, 77, 46, 75, -57, 10, -53, 40, 10, -12, 47, -67, 66, -16, -34, -66, 29, 4, 68, 51, -29, -60, 89, -76, 73, -35, -38, 41, -74, -59]
input size:         80
max sum subarray:   [9, 61, 47, 78, 88, 23, 52, 67, 53, 22]
maximum sum:        500
runtime (microsec): 400

input array:        [-51, -20, -79, 34, -68, -60, 31, -68, 36, -86, 17, 95, 42, -19, 94, -3, -2, -52, 6, -48, 13, -88, 28, 44, 18, -81, 99, 52, 99, 6, -32, 53, -79, 28, -64, -46, -2, 9, -59, 65, -76, 95, 76, -1, 61, -30, -8, -27, -28, -60, -88, -99, 18, -79, 4, -59, -7, 5, 34, 74, -12, -74, -88, 70, -79, 15, 9, -63, 82, 25, -80, 9, 36, -77, -66, 71, -63, 93, -37, -55]
input size:         80
max sum subarray:   [17, 95, 42, -19, 94, -3, -2, -52, 6, -48, 13, -88, 28, 44, 18, -81, 99, 52, 99, 6, -32, 53, -79, 28, -64, -46, -2, 9, -59, 65, -76, 95, 76, -1, 61]
maximum sum:        348
runtime (microsec): 410

input array:        [92, 95, 58, -1, 85, -65, -94, -78, 76, -89, 16, -36, 28, -81, -92, 19, -96, -86, 90, -67, 36, 3, -57, -1, -14, 2, 54, -97, -58, 63, 66, 14, 92, -5, 67, 20, 65, 33, -20, -11, 97, 30, 74, 86, 45, 92, 21, 69, 86, 22, -8, -85, -85, 95, 12, 73, -49, -20, 11, 76, 35, 33, -1, -68, -41, 82, 97, 87, -43, 33, 38, 5, 69, 34, 52, 38, -20, 17, -32, 49]
input size:         80
max sum subarray:   [63, 66, 14, 92, -5, 67, 20, 65, 33, -20, -11, 97, 30, 74, 86, 45, 92, 21, 69, 86, 22, -8, -85, -85, 95, 12, 73, -49, -20, 11, 76, 35, 33, -1, -68, -41, 82, 97, 87, -43, 33, 38, 5, 69, 34, 52, 38, -20, 17, -32, 49]
maximum sum:        1490
runtime (microsec): 419

input array:        [-71, -38, -10, -62, 46, -34, -42, -98, 54, 59, -83, -62, 52, 40, 71, -41, -3, 41, -59, -56, 13, 25, -5, -93, 72, 87, -55, 10, 63, 33, 49, 66, -32, 93, -53, 33, -5, -11, -1, 22, 47, -16, 66, -8, 94, -69, 40, 30, 35, 71, 9, -21, 13, 31, -85, 88, 9, 87, 48, -13, -42, 10, 2, 23, 91, 76, -44, -41, 53, 30, -50, 48, -69, 18, -36, 39, 51, 19, 71, -54]
input size:         80
max sum subarray:   [72, 87, -55, 10, 63, 33, 49, 66, -32, 93, -53, 33, -5, -11, -1, 22, 47, -16, 66, -8, 94, -69, 40, 30, 35, 71, 9, -21, 13, 31, -85, 88, 9, 87, 48, -13, -42, 10, 2, 23, 91, 76, -44, -41, 53, 30, -50, 48, -69, 18, -36, 39, 51, 19, 71]
maximum sum:        1076
runtime (microsec): 410

input array:        [-84, 72, -72, 89, 97, -91, -36, -37, -3, -86, -26, -43, 74, -87, -15, 92, 36, 86, -25, -15, 99, 63, 75, 83, 60, 26, 65, 1, -64, -13, 78, 76, 27, -29, 75, 1, 66, 60, -9, 49, 61, -10, 89, 59, -52, -37, 88, 25, -23, 75, 92, 25, -84, 72, 55, 51, -88, 6, 7, 7, -55, -80, -29, -93, -46, -77, -35, 23, 49, 92, 62, -84, 15, 59, -92, -52, 90, 83, 75, 20]
input size:         80
max sum subarray:   [92, 36, 86, -25, -15, 99, 63, 75, 83, 60, 26, 65, 1, -64, -13, 78, 76, 27, -29, 75, 1, 66, 60, -9, 49, 61, -10, 89, 59, -52, -37, 88, 25, -23, 75, 92, 25, -84, 72, 55, 51]
maximum sum:        1449
runtime (microsec): 419

input array:        [37, -58, -35, -64, 85, 13, 1, 10, -41, 29, -98, 41, -47, 71, -82, -96, 42, 84, 32, -77, 44, -19, 11, 82, 49, 24, -52, 67, -81, 82, -75, 16, -1, 29, -31, 14, -24, -72, 62, 72, 21, -2, -99, -15, 19, -74, 4, 22, 11, 50, 20, -54, -80, 5, -21, -93, -21, 4, -56, -60, 9, -57, 33, 90, -86, -31, 93, -86, -92, 24, 54, -57, 14, 28, 93, -97, 31, 29, -39, -49]
input size:         80
max sum subarray:   [42, 84, 32, -77, 44, -19, 11, 82, 49, 24, -52, 67, -81, 82, -75, 16, -1, 29, -31, 14, -24, -72, 62, 72, 21]
maximum sum:        299
runtime (microsec): 410

input array:        [56, 37, 29, 38, 18, -54, -75, -33, 6, 28, 30, -26, 59, 67, -67, -26, 7, -11, 59, 47, 14, 1, 7, 60, 59, -77, 5, -48, 4, -44, -49, 95, 30, -18, -79, -67, 60, 14, 79, -15, -7, 6, -15, 83, 51, -7, -72, 50, 20, 38, -66, -88, 80, -10, 49, -94, -41, 61, -18, 45, -8, 44, -28, 91, -42, -5, 98, -56, 58, 24, -86, 59, 79, 60, -45, -79, 77, 75, 7, 36]
input size:         80
max sum subarray:   [56, 37, 29, 38, 18, -54, -75, -33, 6, 28, 30, -26, 59, 67, -67, -26, 7, -11, 59, 47, 14, 1, 7, 60, 59, -77, 5, -48, 4, -44, -49, 95, 30, -18, -79, -67, 60, 14, 79, -15, -7, 6, -15, 83, 51, -7, -72, 50, 20, 38, -66, -88, 80, -10, 49, -94, -41, 61, -18, 45, -8, 44, -28, 91, -42, -5, 98, -56, 58, 24, -86, 59, 79, 60, -45, -79, 77, 75, 7, 36]
maximum sum:        644
runtime (microsec): 407

input array:        [-64, -63, -54, -10, -28, 67, -50, 71, -85, 37, 31, -35, -34, 95, -45, -60, -84, -28, 86, -87, -9, -48, -42, 33, 90, 69, -82, -61, 45, 73, -31, -5, -3, 12, -56, -65, -98, 6, 57, 46, 16, -57, -6, 29, 31, 97, -86, 85, 72, 69, -7, 96, -65, -92, -6, 46, 64, -58, -53, -6, 62, -83, -47, -5, -9, 73, 26, 37, 90, -20, -54, -94, -9, 44, -49, -92, 62, -47, 64, -58, 79, 65, 48, -67, 79, 62, 50, 95, 18, -25]
input size:         90
max sum subarray:   [6, 57, 46, 16, -57, -6, 29, 31, 97, -86, 85, 72, 69, -7, 96, -65, -92, -6, 46, 64, -58, -53, -6, 62, -83, -47, -5, -9, 73, 26, 37, 90, -20, -54, -94, -9, 44, -49, -92, 62, -47, 64, -58, 79, 65, 48, -67, 79, 62, 50, 95, 18]
maximum sum:        598
runtime (microsec): 510

input array:        [25, -79, -51, 38, -56, 30, -94, 59, 1, 27, -19, 63, -75, 60, -6, -81, 41, 24, 88, -57, 97, -10, -83, 21, -20, -99, -79, 72, 87, 49, -35, -32, -51, -61, -27, -93, 97, -3, 41, 44, -2, -75, -73, -4, 44, 50, -56, -31, 34, -19, 47, -92, -48, 48, 25, 91, -98, -11, -2, -50, -48, 88, -10, 83, 52, -93, 55, -24, 95, -71, 89, -55, 9, 35, 95, 1, 62, 61, 15, -20, -30, -78, 80, -77, 29, -96, 43, 59, 56, -99]
input size:         90
max sum subarray:   [88, -10, 83, 52, -93, 55, -24, 95, -71, 89, -55, 9, 35, 95, 1, 62, 61, 15]
maximum sum:        487
runtime (microsec): 505

input array:        [-72, -19, 82, -14, -56, -1, 9, -95, 62, 75, 82, 25, -98, 36, 70, -48, -77, -34, 76, 28, -61, 24, 35, 98, -33, 43, -12, -12, 83, 90, 63, 82, 79, 26, -32, 34, 23, 7, 89, -40, -53, 88, -53, 95, 66, 84, 52, -81, 9, 21, 4, -5, -94, 40, -49, -8, 47, -83, -53, -39, -44, -11, -39, -83, 97, 49, -2, -67, -79, -84, -13, -60, -29, -31, -46, -61, 31, -97, 53, 16, -25, 4, -33, 87, 39, 47, 93, -80, 91, -91]
input size:         90
max sum subarray:   [62, 75, 82, 25, -98, 36, 70, -48, -77, -34, 76, 28, -61, 24, 35, 98, -33, 43, -12, -12, 83, 90, 63, 82, 79, 26, -32, 34, 23, 7, 89, -40, -53, 88, -53, 95, 66, 84, 52]
maximum sum:        1062
runtime (microsec): 506

input array:        [-88, -16, 57, 77, -33, 6, 75, -65, 43, -84, 3, 76, 74, 75, -20, -22, 18, -66, 32, -40, 63, -33, 46, 50, -18, 77, 47, 60, -97, -95, 42, 38, -68, 38, 36, 81, -84, -27, 9, -89, 3, -18, 67, 20, -89, 83, 69, -80, 57, -95, -78, -75, -76, 6, 21, 4, 22, -7, -23, 31, -54, -36, -30, -88, 48, 9, -16, 74, -34, -85, 36, 24, 74, -30, -36, 33, 39, -30, -13, -77, -47, 23, 1, 80, -21, 60, 50, -4, 47, 6]
input size:         90
max sum subarray:   [57, 77, -33, 6, 75, -65, 43, -84, 3, 76, 74, 75, -20, -22, 18, -66, 32, -40, 63, -33, 46, 50, -18, 77, 47, 60]
maximum sum:        498
runtime (microsec): 515

input array:        [-49, 37, -49, 49, -45, -3, 32, 91, 38, 62, 29, 6, -91, 81, -36, 76, -34, 20, 96, -23, 53, -50, -82, 32, 1, 30, -75, 58, -57, 9, 11, 53, 75, 77, 58, -50, -1, 62, 62, 45, 7, -15, 75, 55, -75, 49, -54, -17, 34, 25, -73, -61, 29, -77, -77, -9, 36, -49, -94, -37, 16, -80, 66, 11, -22, -64, 77, -72, 6, 58, -91, -31, -64, 26, -53, -60, 20, 6, -29, 28, -16, -30, 74, -1, -76, 28, 58, 62, 88, -29]
input size:         90
max sum subarray:   [49, -45, -3, 32, 91, 38, 62, 29, 6, -91, 81, -36, 76, -34, 20, 96, -23, 53, -50, -82, 32, 1, 30, -75, 58, -57, 9, 11, 53, 75, 77, 58, -50, -1, 62, 62, 45, 7, -15, 75, 55]
maximum sum:        781
runtime (microsec): 510

input array:        [-65, -50, -60, -90, 5, -97, 23, -44, 15, 74, 76, 44, -59, -50, -85, -90, -59, -88, -42, -58, -92, 25, 1, -92, 67, -1, 93, 75, -2, 8, 57, 74, -27, -98, -29, -5, -48, -6, -98, -24, -87, -15, 98, -81, -79, -75, -80, -60, 98, -18, 46, -57, 73, 14, 90, -92, 97, -57, -19, -41, -8, 57, 82, -63, -86, 63, 32, -42, -47, -56, 55, -96, 68, 75, 13, -38, 53, 3, -24, -42, 4, -51, 9, -89, -39, -16, -61, 4, -46, 48]
input size:         90
max sum subarray:   [67, -1, 93, 75, -2, 8, 57, 74]
maximum sum:        371
runtime (microsec): 515

input array:        [-6, 18, 61, -6, 57, -24, -40, -94, -97, 2, 92, 65, 67, 12, 36, -16, -90, -86, -12, 13, -34, 42, -67, -85, -80, 93, 68, 69, 21, -27, -85, 54, 45, -15, 70, 46, -25, -26, 11, -1, -12, 59, -47, -51, 96, -87, -55, -35, -93, 55, 72, -61, -19, -44, -17, 65, 6, 65, 20, 49, -17, 97, 98, 34, 47, -12, -79, 93, 41, 57, 45, -18, -11, -13, 90, 33, -90, 8, -91, -5, -88, -42, 53, 90, -84, 62, 89, -87, 15, -75]
input size:         90
max sum subarray:   [93, 68, 69, 21, -27, -85, 54, 45, -15, 70, 46, -25, -26, 11, -1, -12, 59, -47, -51, 96, -87, -55, -35, -93, 55, 72, -61, -19, -44, -17, 65, 6, 65, 20, 49, -17, 97, 98, 34, 47, -12, -79, 93, 41, 57, 45, -18, -11, -13, 90, 33]
maximum sum:        749
runtime (microsec): 506

input array:        [38, 8, -99, 7, -26, 66, -66, -41, -95, -31, 87, -70, -81, 4, 85, 48, 25, -34, 4, 57, 49, -43, 80, -80, 94, -58, 90, -76, -42, -64, -78, 68, 30, -96, -94, 47, 98, -82, 68, -96, -48, 48, -45, 86, -37, -50, -53, 35, 9, -42, 21, 7, 36, 22, 93, 18, -45, 27, 6, -36, -18, 46, -4, 81, 7, -57, -91, 31, 47, 51, -30, -4, 19, 98, 72, -91, -1, -63, -66, -93, 23, -13, -70, 16, 51, 53, -35, 19, 31, -84]
input size:         90
max sum subarray:   [35, 9, -42, 21, 7, 36, 22, 93, 18, -45, 27, 6, -36, -18, 46, -4, 81, 7, -57, -91, 31, 47, 51, -30, -4, 19, 98, 72]
maximum sum:        399
runtime (microsec): 506

input array:        [42, 93, -9, 95, -62, 15, -8, -96, 81, -50, 96, -70, 55, -43, 27, -93, -65, -58, 95, 86, 51, -61, -29, -30, -4, 40, -75, 72, -2, -9, -12, -97, -92, -20, 91, 73, -74, 69, 30, -31, -75, -82, 4, -64, 48, -23, 90, 77, -79, -99, 58, -44, -41, -67, -91, 42, 22, 96, -46, -37, 9, 44, -23, 37, -46, 88, 67, 80, -50, -58, -87, -73, -26, 43, -56, 24, 54, -61, -4, 10, -42, -94, -74, -73, -87, 59, -65, -92, -43, -13]
input size:         90
max sum subarray:   [42, 22, 96, -46, -37, 9, 44, -23, 37, -46, 88, 67, 80]
maximum sum:        333
runtime (microsec): 519

input array:        [9, 35, -32, 55, -61, -4, -45, 78, -72, 0, 31, -32, 14, -89, -65, 39, -14, -22, -95, -55, 73, -50, 66, 21, -43, -54, 86, -87, 42, 57, -83, 61, -7, 72, 42, 68, 83, -24, -31, -7, 13, 25, -36, 96, -43, 23, 50, -52, -64, 86, 30, -66, -78, -90, -62, -75, 38, 37, -63, -3, 0, -48, 52, -85, 54, -29, 40, 83, -33, -31, 15, -31, -89, -58, 39, -85, 77, -70, -99, -81, 46, -61, -53, -75, -87, -49, 47, -99, -35, -67]
input size:         90
max sum subarray:   [73, -50, 66, 21, -43, -54, 86, -87, 42, 57, -83, 61, -7, 72, 42, 68, 83, -24, -31, -7, 13, 25, -36, 96, -43, 23, 50]
maximum sum:        413
runtime (microsec): 517

input array:        [53, -35, -32, -30, 25, -7, 39, -35, 79, -52, -98, 43, 80, -69, 56, 77, -38, 73, 99, 6, 84, 70, 29, -47, -12, 46, 53, 49, 68, -28, 13, 80, 32, -90, 3, -83, 93, 85, 47, 73, -59, -27, -66, -69, 24, -25, -41, 31, -88, 96, 86, 30, -61, -97, 80, -70, 82, 59, -77, -17, -13, -20, -27, -23, 28, 51, 4, 43, -30, -38, 61, -90, -81, -86, -40, 92, -23, 29, -44, 93, 23, 50, 19, -79, -29, 61, -48, -17, 88, -67, 94, 8, 7, -94, -95, -58, -80, 53, -42, 49]
input size:         100
max sum subarray:   [43, 80, -69, 56, 77, -38, 73, 99, 6, 84, 70, 29, -47, -12, 46, 53, 49, 68, -28, 13, 80, 32, -90, 3, -83, 93, 85, 47, 73]
maximum sum:        892
runtime (microsec): 619

input array:        [95, 97, 38, 63, 14, -12, 77, -13, 13, 78, -83, -17, 10, -47, -91, -15, -29, -88, -39, -15, -88, 70, 65, -55, -80, 72, 31, -15, 42, 4, -87, -20, -54, 31, -59, -52, -54, 76, -95, -33, 34, -31, -36, -69, 95, 87, 58, 62, 3, -77, 95, -8, -14, -29, -58, 72, -15, -34, 35, 71, -60, -70, 80, 89, -1, 89, 36, -57, 81, -18, 20, -7, -50, 79, 85, 50, -85, 36, 78, -63, 1, 41, -95, -77, 37, -59, 67, -16, -71, -80, -71, -99, -16, 27, -20, 58, 53, 23, -97, 48]
input size:         100
max sum subarray:   [95, 87, 58, 62, 3, -77, 95, -8, -14, -29, -58, 72, -15, -34, 35, 71, -60, -70, 80, 89, -1, 89, 36, -57, 81, -18, 20, -7, -50, 79, 85, 50, -85, 36, 78]
maximum sum:        718
runtime (microsec): 621

input array:        [-29, 10, 90, 31, -72, -82, 16, -16, -77, 28, 91, -52, 47, 19, 34, -31, 83, 27, -75, 29, 80, -37, -31, -27, 55, -96, 92, -50, -58, -61, 57, -93, 78, 80, 23, 95, -68, 3, -73, -77, 47, 80, -49, 21, 75, -94, -29, 58, -39, -69, 89, 39, 14, -2, 54, 88, -41, -75, 11, 23, 13, -19, 67, -68, 40, 34, -71, 50, -5, 49, -15, 12, -8, -41, -47, 84, 90, 72, -33, -38, -1, 94, -26, 64, 22, -16, -95, 70, -4, -84, 55, 39, -4, 44, -72, 36, 3, 39, 25, 28]
input size:         100
max sum subarray:   [28, 91, -52, 47, 19, 34, -31, 83, 27, -75, 29, 80, -37, -31, -27, 55, -96, 92, -50, -58, -61, 57, -93, 78, 80, 23, 95, -68, 3, -73, -77, 47, 80, -49, 21, 75, -94, -29, 58, -39, -69, 89, 39, 14, -2, 54, 88, -41, -75, 11, 23, 13, -19, 67, -68, 40, 34, -71, 50, -5, 49, -15, 12, -8, -41, -47, 84, 90, 72, -33, -38, -1, 94, -26, 64, 22, -16, -95, 70, -4, -84, 55, 39, -4, 44, -72, 36, 3, 39, 25, 28]
maximum sum:        676
runtime (microsec): 605

input array:        [-68, 81, 83, 49, 78, 16, -1, 0, -55, 53, 18, 52, -68, -29, -55, -76, -96, 67, -71, -86, 11, -60, 67, 64, 36, -43, 85, 33, 93, 81, -66, -61, 5, 74, -55, -95, -90, -48, -79, 43, 51, 38, -56, -50, -88, -67, -98, 22, -40, -58, 16, 63, 13, 0, -94, 53, -63, -68, -24, -41, 14, 61, 27, 68, 96, -60, -74, -84, 95, 66, -74, 37, 33, 58, -12, 55, 9, -60, 16, 26, 9, 60, -50, -5, -74, -95, 67, -20, -32, -15, -79, 54, -15, 34, 87, 76, 31, 78, -45, 67]
input size:         100
max sum subarray:   [14, 61, 27, 68, 96, -60, -74, -84, 95, 66, -74, 37, 33, 58, -12, 55, 9, -60, 16, 26, 9, 60, -50, -5, -74, -95, 67, -20, -32, -15, -79, 54, -15, 34, 87, 76, 31, 78, -45, 67]
maximum sum:        430
runtime (microsec): 618

input array:        [97, 72, 52, 51, 32, 73, -98, -56, 90, -88, 58, 61, -60, -95, 95, -54, -52, -63, -16, -42, -18, 98, 70, 86, 28, 73, 17, -6, -29, 27, -97, -77, 20, 55, -34, -52, -53, 89, 81, -6, -50, 12, -94, 84, 47, -92, 15, -85, 92, 60, 77, 63, 20, -44, -41, 99, 19, 88, -96, 52, -91, 71, 57, 26, 51, 83, -25, 72, -66, 87, -59, 49, -63, -56, -76, -63, 6, -6, -78, -98, -77, 77, 27, 40, 63, 50, 98, 81, 36, 77, 40, 9, -3, 88, -14, 1, 56, -26, -45, -79]
input size:         100
max sum subarray:   [97, 72, 52, 51, 32, 73, -98, -56, 90, -88, 58, 61, -60, -95, 95, -54, -52, -63, -16, -42, -18, 98, 70, 86, 28, 73, 17, -6, -29, 27, -97, -77, 20, 55, -34, -52, -53, 89, 81, -6, -50, 12, -94, 84, 47, -92, 15, -85, 92, 60, 77, 63, 20, -44, -41, 99, 19, 88, -96, 52, -91, 71, 57, 26, 51, 83, -25, 72, -66, 87, -59, 49, -63, -56, -76, -63, 6, -6, -78, -98, -77, 77, 27, 40, 63, 50, 98, 81, 36, 77, 40, 9, -3, 88, -14, 1, 56]
maximum sum:        1025
runtime (microsec): 618

input array:        [-65, 49, 66, -89, 27, -10, 67, 71, 72, -93, 79, 17, 91, -93, -57, 90, -33, -34, 24, -23, -78, -23, 29, -9, -57, -88, -23, 49, -84, -77, -36, -46, -93, 29, 89, 66, -17, 97, 55, 79, -93, 65, 59, 7, 67, -9, 67, -17, -30, 84, -21, -57, -85, -18, -49, -20, -96, -95, 57, 36, -84, -20, 15, 12, 88, -92, -49, 31, 40, 39, -72, 1, 38, -83, 80, -30, 57, -95, -5, 83, 57, 54, 52, 72, -57, -12, 6, 7, -70, 41, -15, 89, -2, 20, -71, 89, -22, -4, 7, 91]
input size:         100
max sum subarray:   [29, 89, 66, -17, 97, 55, 79, -93, 65, 59, 7, 67, -9, 67, -17, -30, 84]
maximum sum:        598
runtime (microsec): 614

input array:        [28, 14, -23, 67, -17, -97, 32, -34, 68, -55, 48, -84, -72, 54, -59, 42, -44, -35, -94, 20, 64, 11, 77, -67, -11, -81, -92, -20, -40, 52, -8, 10, 56, -66, 2, 46, 84, -50, -6, 1, -11, 83, -16, 3, 49, 35, 29, 96, -1, 21, -58, -63, 17, 42, 33, -20, 90, -51, 67, -98, -89, 55, 20, 99, 88, 19, 62, -16, -88, -74, -73, -5, 63, 19, 61, -26, -77, 20, -47, -34, 43, 86, 33, -19, -21, -42, -57, 70, 15, 97, 18, 94, 49, -65, 25, 93, 52, 23, -61, -99]
input size:         100
max sum subarray:   [52, -8, 10, 56, -66, 2, 46, 84, -50, -6, 1, -11, 83, -16, 3, 49, 35, 29, 96, -1, 21, -58, -63, 17, 42, 33, -20, 90, -51, 67, -98, -89, 55, 20, 99, 88, 19, 62, -16, -88, -74, -73, -5, 63, 19, 61, -26, -77, 20, -47, -34, 43, 86, 33, -19, -21, -42, -57, 70, 15, 97, 18, 94, 49, -65, 25, 93, 52, 23]
maximum sum:        839
runtime (microsec): 611

input array:        [41, 15, 84, -41, -43, -96, 82, -49, -52, -96, -31, -19, -34, -53, 10, -80, 64, -49, -36, 88, -67, 71, 65, -47, 65, 48, 34, 40, 24, 33, 41, -43, -11, 5, -68, -74, -85, 16, -6, -70, -88, -60, 82, 8, 42, 60, -64, -52, 20, 89, -11, 47, -21, -81, 82, -51, 62, 62, 2, -59, -14, 71, -85, 75, 52, -78, 99, 75, 60, 94, 27, 92, -27, 71, 74, -96, 5, 87, -82, -33, -51, 76, 47, -61, -90, 15, 33, -39, 86, -8, -60, -69, -71, -52, -69, -97, -24, -22, 14, -83]
input size:         100
max sum subarray:   [82, 8, 42, 60, -64, -52, 20, 89, -11, 47, -21, -81, 82, -51, 62, 62, 2, -59, -14, 71, -85, 75, 52, -78, 99, 75, 60, 94, 27, 92, -27, 71, 74]
maximum sum:        803
runtime (microsec): 621

input array:        [-70, -32, 57, 83, -51, -44, -64, -86, -94, -84, -28, -67, -54, -16, -93, -59, 82, 6, -93, -86, -52, 3, -52, -66, -9, 95, -84, -19, -50, -54, -18, -78, 26, -40, -80, -46, 77, -31, -61, 15, 41, 22, -33, -43, 34, 69, 54, 3, 59, -44, 44, 95, 1, -16, -68, -96, 46, -26, -69, 17, 7, 13, 72, -85, -57, 1, 68, 51, -43, 11, 31, 48, 1, 8, -68, 41, -58, -42, 10, -13, -50, -10, 29, 68, -40, -95, 93, -71, -1, 88, -56, -86, 25, 98, -4, 93, 32, 43, 7, 7]
input size:         100
max sum subarray:   [15, 41, 22, -33, -43, 34, 69, 54, 3, 59, -44, 44, 95, 1]
maximum sum:        317
runtime (microsec): 617

input array:        [37, 15, -97, -23, -54, -26, -83, -60, 97, 66, 67, -38, -53, -82, -64, 83, 46, -55, -56, 85, -47, 58, -32, 18, -61, -27, 62, 70, -68, 5, -89, 61, 67, -31, 79, 48, 90, -33, -41, 45, -33, 75, -30, 96, 26, 6, -15, 9, -2, -70, 51, -18, 53, -98, 31, -61, -90, -97, -38, -84, 98, 72, -14, 56, -18, 77, -34, 74, -74, 75, 62, -86, 34, 41, 94, -11, 53, -60, -65, -76, 15, -58, 28, 16, -47, 36, 72, -24, 60, -68, -52, -23, -77, -43, -78, -79, 67, -62, -49, -84]
input size:         100
max sum subarray:   [98, 72, -14, 56, -18, 77, -34, 74, -74, 75, 62, -86, 34, 41, 94, -11, 53]
maximum sum:        499
runtime (microsec): 614

